gen,evals,gen_feats,explored,PanKidney svm balanced accuracy_min,PanKidney svm balanced accuracy_avg,PanKidney svm balanced accuracy_max,PanKidney svm balanced accuracy_std,leanness_min,leanness_avg,leanness_max,leanness_std
0,500,594,594,0.2428655107778819,0.811403953617259,0.9235460335412011,0.14051118345145047,0.0196078431372549,0.09461668068497943,1.0,0.18193185538651926
1,516,844,856,0.2428655107778819,0.8259429729178682,0.9235460335412011,0.11749482012900252,0.019230769230769232,0.08598688165949239,1.0,0.09988859508761785
2,500,883,1101,0.25,0.8321404321516114,0.924754461871891,0.11451743226748311,0.01818181818181818,0.09516464050660854,1.0,0.1129123702631207
3,500,900,1322,0.25,0.8464929452071768,0.9279911213142529,0.09916660332848484,0.017857142857142856,0.09248280838860842,1.0,0.11102963196007248
4,500,901,1523,0.25,0.8528892828901125,0.9313281475290174,0.0943538586619187,0.017857142857142856,0.09315243113702074,1.0,0.11099584598385437
5,500,945,1755,0.25,0.8560632046513409,0.9390454061080673,0.09453510584358615,0.017857142857142856,0.0959600661821344,1.0,0.11310727578515806
6,500,978,2009,0.25,0.8616007508921492,0.9390454061080673,0.08922609606698424,0.017543859649122806,0.09521170672428877,1.0,0.11055138351764358
7,500,946,2217,0.25,0.8633645041250632,0.9390454061080673,0.09105312974491771,0.01639344262295082,0.0990325564394847,1.0,0.11487312054556792
8,500,969,2451,0.25,0.8703034432223703,0.9390454061080673,0.0844933320605708,0.016129032258064516,0.09636973921764981,1.0,0.11344356295071051
9,500,990,2667,0.25,0.8733268058133876,0.9390454061080673,0.08208196074858203,0.013888888888888888,0.09696015896865189,1.0,0.11331651104381905
10,500,951,2869,0.25,0.8753857367101328,0.9390454061080673,0.08138060952111369,0.013888888888888888,0.09720123393591176,1.0,0.11321161745003747
11,500,981,3080,0.25,0.8787163352835953,0.9429465307566145,0.0794522468940989,0.013888888888888888,0.09641750871228208,1.0,0.11351424629779369
12,500,982,3299,0.25,0.880272989566812,0.9429465307566145,0.08047262556377108,0.01639344262295082,0.09748125434947005,1.0,0.1146860317344141
13,500,1000,3522,0.25,0.8837516112753226,0.9435908606535217,0.07806009551517099,0.01639344262295082,0.09609579953155552,1.0,0.11349300708851898
14,500,959,3716,0.25,0.8857896046608031,0.9435908606535217,0.07622159033864051,0.01639344262295082,0.0963789601406794,1.0,0.11338014893618183
15,500,970,3946,0.25,0.887170855167706,0.9468527807566145,0.07638028327715071,0.016129032258064516,0.09643238830993271,1.0,0.11346466228515385
16,500,984,4145,0.25,0.888318381763211,0.9481363151989763,0.07621225436706634,0.015873015873015872,0.0967648863137917,1.0,0.11331719905064548
17,500,969,4318,0.25,0.889605138024025,0.9566081550537092,0.07597763512012844,0.015625,0.09730909537182061,1.0,0.11316164911451813
18,500,974,4528,0.25,0.8934833217684378,0.9566081550537092,0.07415919058909108,0.015625,0.09349121992911955,1.0,0.11137340502543212
19,500,949,4721,0.25,0.8949609482576059,0.9566081550537092,0.074304596852344,0.015625,0.09299975029802407,1.0,0.11163943028231023
20,500,946,4905,0.25,0.8965396229656297,0.9572524849506164,0.07302689372065847,0.015625,0.09304327653576723,1.0,0.11166898055530158
21,500,954,5083,0.25,0.9003691898790641,0.9611385996413381,0.07130232147833425,0.015384615384615385,0.0890107066780003,1.0,0.10973105907605786
22,500,936,5258,0.25,0.9038550664380723,0.9611385996413381,0.06962919587574928,0.015151515151515152,0.0854339130825224,1.0,0.10750505843416112
23,500,934,5425,0.25,0.9054793505222227,0.9611385996413381,0.06996643210710836,0.015384615384615385,0.08486344004253525,1.0,0.10775891560557217
24,500,965,5607,0.25,0.9085517798486951,0.9611385996413381,0.06992880927342286,0.014925373134328358,0.08175430735323615,1.0,0.10718663269142135
25,500,966,5776,0.25,0.9096504645483384,0.9624422693929782,0.0685342181751522,0.014705882352941176,0.08159109127390843,1.0,0.10533197424728487
26,500,965,5946,0.25,0.9105301674807151,0.963751064496071,0.06824203553685423,0.014925373134328358,0.08190933025442344,1.0,0.1052650512849594
27,500,1039,6150,0.25,0.9141824680876469,0.963751064496071,0.06642979620476817,0.014705882352941176,0.07775230871020825,1.0,0.1029169505028339
28,500,947,6298,0.25,0.9130197693253911,0.963751064496071,0.06915106957851759,0.014705882352941176,0.08018315842703504,1.0,0.10564551575945413
29,500,994,6472,0.25,0.9131573154535543,0.963751064496071,0.06859375247311317,0.015873015873015872,0.08126624838988476,1.0,0.10542129822927887
30,500,981,6640,0.25,0.9136030797729977,0.9676371791867926,0.06875677484386833,0.015873015873015872,0.08194423705575893,1.0,0.1053154897399347
31,500,964,6808,0.25,0.9140783669616467,0.9676371791867926,0.06863685046350665,0.015873015873015872,0.08249306802660561,1.0,0.10512403424001496
32,500,942,6978,0.25,0.9150267848614014,0.9676371791867926,0.06853557493836684,0.015873015873015872,0.08212407313258337,1.0,0.10524811111812916
33,500,950,7134,0.25,0.9157448829842838,0.9676371791867926,0.068667877079997,0.015873015873015872,0.08174987014814877,1.0,0.1052796957589516
34,500,970,7289,0.25,0.9182465058620503,0.9676371791867926,0.06665550468834462,0.015873015873015872,0.07862523502587969,1.0,0.10261865638671036
35,500,985,7469,0.25,0.919489301082294,0.9676371791867926,0.06701449610210002,0.016129032258064516,0.07791189770816874,1.0,0.10290414848605671
36,500,940,7609,0.25,0.9197564775430755,0.9676371791867926,0.06711514791393595,0.016129032258064516,0.07827388814194192,1.0,0.10279314595280946
37,500,958,7756,0.25,0.9199934205131209,0.9676371791867926,0.0671703955233646,0.016129032258064516,0.07849558138011653,1.0,0.10270465243409325
38,500,954,7916,0.25,0.920876727299762,0.9702295087322472,0.06727240243753972,0.016129032258064516,0.07825646458146462,1.0,0.10283757136684932
39,500,929,8047,0.25,0.921503307710331,0.9702295087322472,0.06733767202601908,0.016129032258064516,0.0781213605487925,1.0,0.1028692511252862
40,500,929,8187,0.25,0.9219821337570291,0.9702295087322472,0.06733095601264986,0.016129032258064516,0.07805811264822993,1.0,0.1028338878285032
41,500,947,8313,0.25,0.9248642245962801,0.9721826337322472,0.0653000438840453,0.016129032258064516,0.07431724231085465,1.0,0.10009383458432185
42,500,964,8456,0.25,0.9220155075674971,0.9721826337322472,0.06701270465610551,0.016129032258064516,0.07888297864601414,1.0,0.10236770910079386
43,500,937,8594,0.25,0.9224175787727094,0.9721826337322472,0.06725120836890044,0.016129032258064516,0.07899484771126072,1.0,0.10251035510019221
44,500,964,8742,0.25,0.9232882738154244,0.9721826337322472,0.06716696124592361,0.016129032258064516,0.07881710941998396,1.0,0.10258243588532835
45,500,956,8891,0.25,0.9248577613591306,0.9721826337322472,0.06748433562307803,0.015625,0.07719454593882849,1.0,0.1029644297054734
46,500,932,9020,0.25,0.924719614156784,0.9722376045346407,0.06750929555510268,0.016129032258064516,0.07801544839985304,1.0,0.10280350653846346
47,500,932,9132,0.25,0.9250628733058179,0.9722376045346407,0.06757988608658688,0.016129032258064516,0.07805495410212636,1.0,0.102788214159933
48,500,913,9261,0.25,0.9251384450922789,0.9722376045346407,0.06762122620046067,0.016129032258064516,0.07837536565036218,1.0,0.10268448343653483
49,500,935,9379,0.25,0.9259107560287652,0.9722376045346407,0.0679343515978564,0.016129032258064516,0.0781109191542306,1.0,0.10286861355151616
50,500,902,9499,0.25,0.925711661526296,0.9722376045346407,0.06779950183946984,0.016129032258064516,0.07853154037198229,1.0,0.10266073345241813
51,500,969,9621,0.25,0.9259732329365222,0.9722376045346407,0.06782483918157067,0.016129032258064516,0.07872205640734169,1.0,0.10255662745002443
52,500,940,9737,0.25,0.9268099750040553,0.9722376045346407,0.06799678458926327,0.016129032258064516,0.07830523598290977,1.0,0.10266220181510427
53,500,960,9862,0.25,0.9286894556876757,0.9722376045346407,0.06825011414613256,0.016129032258064516,0.07635231002176544,1.0,0.10290492064021406
54,500,943,9990,0.25,0.9298124805124001,0.9722376045346407,0.06820612514089916,0.016129032258064516,0.07527037528213969,1.0,0.10256551077292954
55,500,978,10114,0.25,0.9308802336033811,0.9722376045346407,0.06618507599823825,0.016129032258064516,0.07425568246986615,1.0,0.09998615000573091
56,500,939,10230,0.25,0.931148916523232,0.9722925753370342,0.06624320742458385,0.015873015873015872,0.0744108446462236,1.0,0.10002631228269046
57,500,951,10360,0.25,0.9311556654846442,0.9722925753370342,0.06600023859482969,0.015873015873015872,0.07486101095696449,1.0,0.09982989598576048
58,500,967,10474,0.25,0.9317735727867493,0.9722925753370342,0.06586479551499042,0.016129032258064516,0.0746251062227646,1.0,0.09991070277186265
59,500,940,10591,0.25,0.9322374299910784,0.9722925753370342,0.06591889600033822,0.016129032258064516,0.07448400227641877,1.0,0.09999438426180278
60,500,951,10715,0.25,0.9326927977547581,0.9741357587322472,0.06598746989344748,0.016129032258064516,0.07423135504343985,1.0,0.10005124106749194
61,500,919,10827,0.25,0.9336109335010995,0.9741357587322472,0.06607506686349733,0.016129032258064516,0.07362208967883196,1.0,0.100245630980504
62,500,945,10930,0.25,0.9340089235184919,0.9741357587322472,0.0661011973162769,0.016129032258064516,0.07365381970800837,1.0,0.10023926084074347
63,500,954,11039,0.25,0.9349675767450978,0.9741357587322472,0.06598156907098854,0.016129032258064516,0.0730917860233784,1.0,0.10048316608561456
64,500,920,11131,0.25,0.9368533623431982,0.9741357587322472,0.06534805020003699,0.016129032258064516,0.07055759151359976,1.0,0.09933413043223384
65,500,914,11228,0.25,0.9348936380307836,0.9741357587322472,0.06652849110850348,0.016129032258064516,0.07348103306853224,1.0,0.10026289418089585
66,500,922,11329,0.25,0.937496498258507,0.9741357587322472,0.06355660119496151,0.016129032258064516,0.07050617434789393,1.0,0.09722926501216014
67,500,975,11435,0.25,0.9345074528242377,0.9741357587322472,0.06565092437341948,0.016129032258064516,0.07517745409834888,1.0,0.09980602297571187
68,500,959,11545,0.25,0.9316575578657812,0.9741357587322472,0.0689173407432175,0.016129032258064516,0.07920146941966538,1.0,0.10222138327533555
69,500,964,11660,0.25,0.9330430828031505,0.9741357587322472,0.06786991212397701,0.016129032258064516,0.07802796089528473,1.0,0.10237046191867744
70,500,937,11752,0.25,0.9343990341810252,0.9741357587322472,0.06725283887488989,0.016129032258064516,0.07646334476052064,1.0,0.10140849299660594
71,500,943,11855,0.25,0.9332010720432918,0.9741357587322472,0.06782957512834979,0.016129032258064516,0.07886103040040157,1.0,0.10243393157189716
72,500,947,11936,0.25,0.9334758505830509,0.9741357587322472,0.0675048132320167,0.016129032258064516,0.07900164812905995,1.0,0.10231319053665805
73,500,954,12029,0.25,0.9333497121354805,0.9741357587322472,0.06721290974715319,0.016129032258064516,0.07952634539210954,1.0,0.10209399337942703
74,500,975,12119,0.25,0.9305965477660227,0.9741357587322472,0.06992683118863334,0.016129032258064516,0.08356509199403206,1.0,0.10458611289276921
75,500,947,12210,0.25,0.9328144775971451,0.9741357587322472,0.06888099519878667,0.016129032258064516,0.08084242463966138,1.0,0.10383249161169218
76,500,933,12290,0.25,0.9313526313329069,0.9741357587322472,0.06946401018824194,0.016129032258064516,0.08342611668431764,1.0,0.1046768316903943
77,500,969,12370,0.25,0.932124804842387,0.9779819125784011,0.06939909534601739,0.016129032258064516,0.08286184092625189,1.0,0.10476094774531401
78,500,988,12478,0.25,0.9314723710889626,0.9779819125784011,0.06901063234424251,0.016129032258064516,0.08431442353780537,1.0,0.10432178172550184
79,500,970,12559,0.25,0.9325101873963665,0.9779819125784011,0.0692119772271114,0.016129032258064516,0.08321610919167208,1.0,0.10464548533443789
80,500,939,12641,0.25,0.9331365869552484,0.9779819125784011,0.06918025011192197,0.016129032258064516,0.08276658496017714,1.0,0.10455703809980556
81,500,941,12719,0.25,0.9335323652990051,0.9779819125784011,0.06933639509931742,0.016129032258064516,0.0825031272087461,1.0,0.10475420798884424
82,500,947,12792,0.25,0.9331291066456096,0.9779819125784011,0.0692057263060534,0.016129032258064516,0.0835873226607374,1.0,0.1045975985199356
83,500,949,12875,0.25,0.9345213483278964,0.9779819125784011,0.06934164401793058,0.016129032258064516,0.08174695767251135,1.0,0.10485927140423822
84,500,966,12946,0.25,0.936684902010039,0.9779819125784011,0.06724707194575719,0.01639344262295082,0.07907852700785926,1.0,0.10228457238884868
85,500,966,13029,0.25,0.9354339072975992,0.9779819125784011,0.06905481023432783,0.01639344262295082,0.08116395014982658,1.0,0.10478121727703804
86,500,951,13101,0.25,0.9353028986960206,0.9779819125784011,0.06922407898729847,0.01639344262295082,0.0816739213818475,1.0,0.10492392753282477
87,500,957,13170,0.25,0.9366891087971307,0.9779819125784011,0.06863097035458726,0.016129032258064516,0.0799245617971689,1.0,0.10396106017598014
88,500,936,13234,0.25,0.9378084813302033,0.9786262424753083,0.06708585571927915,0.016129032258064516,0.0786637420128202,1.0,0.10241278615534434
89,500,991,13311,0.25,0.9379636583857509,0.9786262424753083,0.06701942245027055,0.016129032258064516,0.07891242518947507,1.0,0.10233322791069958
90,500,964,13376,0.25,0.9381418005641267,0.9786262424753083,0.06704906292039532,0.016129032258064516,0.07895033448267291,1.0,0.10232465900168469
91,500,976,13449,0.25,0.9382811873130092,0.9786262424753083,0.0671100567366495,0.016129032258064516,0.07906396592328185,1.0,0.10230782712464179
92,500,990,13522,0.25,0.9370753654206619,0.9786262424753083,0.07052237676849282,0.016129032258064516,0.08115855758698018,1.0,0.10536368637772604
93,500,968,13597,0.25,0.9397524210808522,0.9786262424753083,0.06745083987923317,0.016129032258064516,0.07789223529324715,1.0,0.10269725682141806
94,500,973,13670,0.25,0.9400633251252614,0.9786262424753083,0.06749240780408017,0.016129032258064516,0.07776022911146176,1.0,0.10275276768116677
95,500,938,13736,0.25,0.9380683412109797,0.9786262424753083,0.06995123687686639,0.016129032258064516,0.08123735796502572,1.0,0.10530852517645382
96,500,948,13806,0.25,0.9383498945078762,0.9786262424753083,0.06991028152457593,0.016129032258064516,0.08117347129797864,1.0,0.10527996707265462
97,500,958,13871,0.25,0.9407774246291724,0.9786262424753083,0.06752184139676322,0.01639344262295082,0.07777659186996104,1.0,0.10267702330776118
98,500,947,13944,0.25,0.9407671249819769,0.9786262424753083,0.06748294821294541,0.01639344262295082,0.07800491727421134,1.0,0.10258362769656527
99,500,959,14002,0.25,0.9407929178344208,0.9786262424753083,0.0674996721366726,0.01639344262295082,0.07826095144884913,1.0,0.1025002936131022
100,500,928,14065,0.25,0.9411541569416408,0.9792705723722155,0.06760942332232553,0.01639344262295082,0.07782152253789258,1.0,0.10265532795261245
101,500,954,14118,0.25,0.9418131878109004,0.9792705723722155,0.06777416224152844,0.016666666666666666,0.07727470831802517,1.0,0.10289100808783047
102,500,919,14161,0.25,0.9425094121728786,0.9792705723722155,0.06793457674349768,0.017241379310344827,0.07649867586777108,1.0,0.10319178208228492
103,500,951,14226,0.25,0.9434496315379209,0.9792705723722155,0.0678380704985225,0.017241379310344827,0.07512696534831349,1.0,0.10302144223870467
104,500,934,14287,0.25,0.9447265104016473,0.9792705723722155,0.06563526314053057,0.017241379310344827,0.07344220055008424,1.0,0.10024467141547513
105,500,939,14354,0.25,0.9450332181349579,0.9792705723722155,0.06573529220568108,0.017241379310344827,0.07321125780860094,1.0,0.10034244602201421
106,500,969,14421,0.25,0.9457574850407325,0.9792705723722155,0.06592044247670466,0.017241379310344827,0.07231707882161503,1.0,0.10066956666610755
107,500,951,14484,0.25,0.9458378055497981,0.9792705723722155,0.06576919885718742,0.017241379310344827,0.07244012103923862,1.0,0.1005329636173794
108,500,956,14537,0.25,0.9468983751509445,0.9792705723722155,0.06580567808686358,0.017241379310344827,0.07090638886527686,1.0,0.10057998780495553
109,500,914,14579,0.25,0.9466565874846804,0.9792705723722155,0.0659605968233117,0.017241379310344827,0.07180454623856539,1.0,0.1007782009023014
110,500,919,14631,0.25,0.9479206898047184,0.9792705723722155,0.06602638017926245,0.017241379310344827,0.07025692900083902,1.0,0.10106708919869244
111,500,968,14680,0.25,0.9495273576616683,0.9792705723722155,0.06368673292157497,0.017543859649122806,0.0679391422257866,1.0,0.09788024064257288
112,500,940,14741,0.25,0.9469533756353183,0.9792705723722155,0.06701077090211174,0.017543859649122806,0.07165706695255049,1.0,0.10086653169137297
113,500,941,14791,0.25,0.9496513325350552,0.9792705723722155,0.06367697628758287,0.017543859649122806,0.06824670464215578,1.0,0.09778057394154792
114,500,932,14847,0.25,0.9499325382092135,0.9792705723722155,0.06370055115867786,0.017543859649122806,0.0679781423343648,1.0,0.09781966176556904
115,500,934,14903,0.25,0.9487885916998595,0.9792705723722155,0.0669993725393653,0.017543859649122806,0.06940424782648588,1.0,0.09954947961071958
116,500,947,14948,0.25,0.9498117412790174,0.9792705723722155,0.06365089820835751,0.017543859649122806,0.0686372405882806,1.0,0.09766242391279059
117,500,964,15002,0.25,0.9499486952319588,0.9792705723722155,0.0637022287268591,0.017543859649122806,0.0685022304806549,1.0,0.09772532217611199
118,500,960,15053,0.25,0.9499079739767321,0.9792705723722155,0.0636894713630164,0.017543859649122806,0.06871726497872616,1.0,0.09763071146331997
119,500,944,15107,0.25,0.9479794773042679,0.9799350375784011,0.06797763230278822,0.017543859649122806,0.07116042467601608,1.0,0.10060304306891772
120,500,937,15153,0.25,0.9501177331528007,0.9799350375784011,0.06355766918055221,0.017543859649122806,0.06870428744520461,1.0,0.09764741255728418
121,500,929,15187,0.25,0.9494065820777162,0.9805943774331339,0.067146608771328,0.017543859649122806,0.06935564805522705,1.0,0.09963192990031867
122,500,932,15227,0.25,0.9504545100839882,0.9805943774331339,0.06364846982802144,0.017543859649122806,0.0684672151944026,1.0,0.09774184164076151
123,500,952,15267,0.25,0.9504626352304268,0.9805943774331339,0.06290848821823879,0.017543859649122806,0.06883303618580633,1.0,0.09760686573872257
124,500,944,15307,0.25,0.9502948296468351,0.9805943774331339,0.06285935304606617,0.017543859649122806,0.0692242737315363,1.0,0.09748738816560314
125,500,961,15355,0.25,0.9507551746336782,0.9805943774331339,0.06298407036837916,0.017543859649122806,0.06857147659149455,1.0,0.09770329821714498
126,500,922,15395,0.25,0.9533597067397809,0.9805943774331339,0.06068861537952754,0.017543859649122806,0.06443520512329258,1.0,0.09456867015924386
127,500,890,15431,0.25,0.9508967529490485,0.9805943774331339,0.06360333682511847,0.017543859649122806,0.0683771987574402,1.0,0.09753179437024978
128,500,904,15468,0.25,0.9513217127910749,0.9805943774331339,0.0636849204365663,0.017857142857142856,0.06784049869414162,1.0,0.09766567201371847
129,500,945,15513,0.25,0.953446327263265,0.9805943774331339,0.06064092252724586,0.018518518518518517,0.06469507413659185,1.0,0.09439603381120952
130,500,956,15553,0.25,0.9534726512936161,0.9805943774331339,0.06045816170644392,0.018518518518518517,0.06481968459279687,1.0,0.09435529832612874
131,500,950,15603,0.25,0.9534468863771538,0.9805943774331339,0.06044721146437816,0.018518518518518517,0.06498215258070075,1.0,0.09429560124437866
132,500,937,15644,0.25,0.9534266129649989,0.9805943774331339,0.06043872133519716,0.018518518518518517,0.06511267931634743,1.0,0.0942604975724199
133,500,937,15685,0.25,0.9534091503293741,0.9805943774331339,0.06043424690798641,0.018518518518518517,0.06515875590445762,1.0,0.09425217773530552
134,500,948,15733,0.25,0.9534042961146457,0.9805943774331339,0.060429055534144585,0.018518518518518517,0.06526610708696547,1.0,0.09421343867908544
135,500,965,15775,0.25,0.9532840333474515,0.9825222417724029,0.06039633357858845,0.018867924528301886,0.06553734448280218,1.0,0.09413447253445861
136,500,918,15811,0.25,0.9506772906378415,0.9825222417724029,0.06317928717759391,0.018867924528301886,0.06962772297267243,1.0,0.09717179667298642
137,500,961,15849,0.25,0.9507424349249333,0.9825222417724029,0.0631632536725779,0.019230769230769232,0.06968098283945882,1.0,0.09712118825095473
138,500,935,15877,0.25,0.9511163555597109,0.9825222417724029,0.06323201237650218,0.018867924528301886,0.0691519502151521,1.0,0.09726171815859332
139,500,943,15917,0.25,0.9532419800640725,0.9825222417724029,0.0603513880941403,0.018867924528301886,0.0659625853881609,1.0,0.09392982680254588
140,500,957,15956,0.25,0.9501299304191299,0.9825222417724029,0.0637171910502465,0.01818181818181818,0.07053380366593065,1.0,0.09684762362499628
141,500,954,15992,0.25,0.9502615560904946,0.9825222417724029,0.06299132681216779,0.018867924528301886,0.07091813768384343,1.0,0.09668256007462653
142,500,970,16032,0.25,0.947252189426231,0.9825222417724029,0.06544232674039537,0.018867924528301886,0.07536637184052705,1.0,0.09922337919329911
143,500,940,16069,0.25,0.9477310727529556,0.9825222417724029,0.06548799607177355,0.018867924528301886,0.07485921080933568,1.0,0.09937602482686785
144,500,972,16109,0.25,0.9469353888621044,0.9825222417724029,0.06506481933866208,0.018867924528301886,0.07644973275530596,1.0,0.09885539455636032
145,500,959,16158,0.25,0.9467846828590224,0.9825222417724029,0.06494101842719419,0.018867924528301886,0.07689191684439749,1.0,0.09872407452236263
146,500,960,16192,0.25,0.9467057588674213,0.9825222417724029,0.06488427795939047,0.018867924528301886,0.07724220651991562,1.0,0.09857237076392539
147,500,960,16221,0.25,0.9442387229877082,0.9825222417724029,0.06795216456799075,0.018867924528301886,0.08077744254154541,1.0,0.1012630299087659
148,500,943,16249,0.25,0.9460361263494881,0.9825222417724029,0.06714186005384887,0.018867924528301886,0.07829150580321372,1.0,0.10027471669318602
149,500,933,16279,0.25,0.9466576228056738,0.9825222417724029,0.06477806578471386,0.019230769230769232,0.07786889539050103,1.0,0.09833202822861487
150,500,958,16311,0.25,0.9435430447291111,0.9825222417724029,0.06828235947531122,0.019230769230769232,0.08215801545720028,1.0,0.10070335385303589
151,500,969,16353,0.25,0.9423854142072489,0.9825222417724029,0.07192914364998626,0.019230769230769232,0.08374110424629717,1.0,0.10334290952261942
152,500,945,16372,0.25,0.9441777548482446,0.9825222417724029,0.06754200162075277,0.019230769230769232,0.08199883658393818,1.0,0.10077979376044098
153,500,954,16398,0.25,0.9418329836642095,0.9825222417724029,0.06978555668903999,0.019230769230769232,0.08572704857856246,1.0,0.10321752595216736
154,500,994,16435,0.25,0.943266737595523,0.9825222417724029,0.06910738017267509,0.019230769230769232,0.08351960103588266,1.0,0.10221339908259305
155,500,973,16466,0.25,0.9440161653584817,0.9825222417724029,0.06701536420963018,0.019230769230769232,0.08282942752210148,1.0,0.10040519978883763
156,500,952,16495,0.25,0.9440575456437891,0.9825222417724029,0.06703362669974675,0.019230769230769232,0.08284134223909946,1.0,0.1004039017851827
157,500,973,16530,0.25,0.943896954076851,0.9831867069785885,0.06697301662431422,0.0196078431372549,0.08325344415905342,1.0,0.10021428487418173
158,500,934,16553,0.25,0.9434602477178105,0.9838310368754957,0.06680707572224072,0.02,0.08417234107631362,1.0,0.09979597926386125
159,500,967,16586,0.25,0.9434668009583844,0.9838310368754957,0.06677213404264508,0.02,0.08432412561633564,1.0,0.09972921279217023
160,500,944,16622,0.25,0.9434596269870593,0.9838310368754957,0.06676272770186847,0.02,0.08448926754202524,1.0,0.0996861127546546
161,500,941,16639,0.25,0.9434879546355706,0.9838310368754957,0.06616140528279922,0.02,0.08473249542331598,1.0,0.0995915472653928
162,500,912,16666,0.25,0.9433771538867061,0.9838310368754957,0.06587982960807759,0.02,0.08501092041894033,1.0,0.09947868815217656
163,500,961,16691,0.25,0.9434211401597757,0.9838310368754957,0.06588211737550753,0.02040816326530612,0.0851632753934007,1.0,0.09941900650694217
164,500,950,16716,0.25,0.9431771120390563,0.9838310368754957,0.06579557159873822,0.020833333333333332,0.08567360070588817,1.0,0.0991939881436822
165,500,931,16743,0.25,0.943107102666985,0.9838310368754957,0.06578627247347936,0.020833333333333332,0.08578080817474944,1.0,0.09918952950425465
166,500,958,16777,0.25,0.9428063425942614,0.9838310368754957,0.06562813873855569,0.020833333333333332,0.0863357248783005,1.0,0.09894152889626316
167,500,898,16810,0.25,0.9429120597830005,0.9838310368754957,0.06567160785354932,0.020833333333333332,0.08636998822457849,1.0,0.09895389958250755
168,500,933,16836,0.25,0.9427977131920915,0.9838310368754957,0.06562069514998113,0.020833333333333332,0.08652764621389429,1.0,0.09888165788616911
169,500,949,16855,0.25,0.9427822768162893,0.9851398319785885,0.06556964685137832,0.02127659574468085,0.08667254269344385,1.0,0.09878945716025182
170,500,907,16882,0.25,0.9429101601362554,0.9851398319785885,0.06556080530386904,0.02127659574468085,0.08678193429662164,1.0,0.09875633609766679
171,500,918,16910,0.25,0.9430374444659722,0.9851398319785885,0.06559035973367924,0.02127659574468085,0.08670921888293165,1.0,0.09879086591651659
172,500,932,16929,0.25,0.9432763484743351,0.9851398319785885,0.06568795298576428,0.02127659574468085,0.08658438677308834,1.0,0.09886048118640316
173,500,929,16953,0.25,0.943532026068326,0.9851398319785885,0.06578851545441701,0.023809523809523808,0.08642246594582553,1.0,0.09893491776552968
174,500,899,16972,0.25,0.9435199897155035,0.9851398319785885,0.0657826020507452,0.024390243902439025,0.08652679802556597,1.0,0.09889070058238512
175,500,940,16995,0.25,0.9437753758966549,0.9851398319785885,0.06587494998139642,0.024390243902439025,0.08627293264864308,1.0,0.09899500746689462
176,500,931,17015,0.25,0.9439177840683801,0.9851398319785885,0.06589213547905563,0.025,0.08626860110914791,1.0,0.09901157351055571
177,500,914,17030,0.25,0.9438849479129118,0.9851398319785885,0.06584499937241879,0.02564102564102564,0.08630117967799966,1.0,0.09892326911185735
178,500,900,17051,0.25,0.9440102314405954,0.9851398319785885,0.0658641404623041,0.02631578947368421,0.08622300363006849,1.0,0.09894885660731428
179,500,934,17077,0.25,0.9440313390459412,0.9851398319785885,0.0658583483000193,0.02631578947368421,0.08626182073340265,1.0,0.0989242926081408
180,500,945,17101,0.25,0.9439874441843594,0.9864284917724029,0.06580694508800901,0.025,0.08641083094493474,1.0,0.09883798733685284
181,500,929,17121,0.25,0.9450147752054647,0.9864284917724029,0.06561533301909059,0.025,0.08482464423429875,1.0,0.09842997401457039
182,500,900,17143,0.25,0.9461804391806647,0.9864284917724029,0.0635401636282194,0.025,0.08331998968889719,1.0,0.0960507358995844
183,500,923,17159,0.25,0.9462519270758237,0.9864284917724029,0.06355523959923119,0.025,0.08336627366807589,1.0,0.09603754295822022
184,500,943,17176,0.25,0.9448352677123134,0.9864284917724029,0.06695910223244514,0.025,0.08522367665287452,1.0,0.09869825421798666
185,500,934,17201,0.25,0.9464601405360104,0.9864284917724029,0.06356317530213917,0.025,0.08334870314829589,1.0,0.09604654866488366
186,500,951,17223,0.25,0.946486504949625,0.9864284917724029,0.06357701720699924,0.025,0.08344439567685288,1.0,0.09603279461927156
187,500,917,17243,0.25,0.9449820272510995,0.9864284917724029,0.0663089675023807,0.025,0.08571349507007951,1.0,0.09887151168228435
188,500,927,17259,0.25,0.9467353200922789,0.9864284917724029,0.06366246367730435,0.025,0.08336930408734364,1.0,0.09606871693290793
189,500,912,17279,0.25,0.9446975182034459,0.9864284917724029,0.06748723318723236,0.025,0.08594013405726617,1.0,0.09891030282233228
190,500,907,17293,0.25,0.9449158518108824,0.9864284917724029,0.06719164899219461,0.025,0.0861234644904641,1.0,0.09899666540861284
191,500,901,17312,0.25,0.9452043385818435,0.9864284917724029,0.06702742531795412,0.025,0.08598490687532942,1.0,0.09906315100939769
192,500,925,17330,0.25,0.9442341953310865,0.9864284917724029,0.06972375495214507,0.025,0.08702830106379912,1.0,0.10070584564918662
193,500,918,17351,0.25,0.9452334924257443,0.9864284917724029,0.06699892227145517,0.025,0.08616771228525369,1.0,0.09900117659139514
194,500,911,17363,0.25,0.9453932968288156,0.9864284917724029,0.06688145760414191,0.025,0.08604948085475048,1.0,0.0990081375868603
195,500,895,17379,0.25,0.9446469846599921,0.9864284917724029,0.06868148343742586,0.025,0.0873308631426479,1.0,0.10137303413646634
196,500,929,17392,0.25,0.9458905423748288,0.9864284917724029,0.06640110916640043,0.025,0.0858012702251992,1.0,0.09910071607374348
197,500,918,17406,0.25,0.9457951958560125,0.9864284917724029,0.06635737251364669,0.025,0.08600548409673743,1.0,0.0990305062912832
198,500,934,17420,0.25,0.9457604924392617,0.9864284917724029,0.0663438566650277,0.025,0.08609586043160107,1.0,0.09898965016502492
199,500,943,17434,0.25,0.9458034803389266,0.9864284917724029,0.06633466691507507,0.025,0.08615928679854912,1.0,0.09896012902018408
200,500,919,17446,0.25,0.9456873970423906,0.9864284917724029,0.06629359801797953,0.025,0.08634542490412406,1.0,0.0988831261549736
201,500,933,17466,0.25,0.9457984684773989,0.9864284917724029,0.0663119753956692,0.025,0.08623001863973385,1.0,0.09888578599264103
202,500,927,17479,0.25,0.9458453733846695,0.9864284917724029,0.06632119465112624,0.025,0.0862157964081915,1.0,0.09889115285586395
203,500,916,17495,0.25,0.9458545652237582,0.9864284917724029,0.06632573290467839,0.025,0.0862088270818937,1.0,0.09889329572635548
204,500,921,17512,0.25,0.9459454698651864,0.9864284917724029,0.06622571980909402,0.025,0.0861857237092777,1.0,0.09890366270947669
205,500,915,17527,0.25,0.9460464813054213,0.9864284917724029,0.06625837591264731,0.025,0.08616599067528648,1.0,0.09891420033452099
206,500,943,17542,0.25,0.9461965398808665,0.9864284917724029,0.0661010296398408,0.025,0.08602397970208356,1.0,0.09893106256065809
207,500,923,17561,0.25,0.9465529293354841,0.9864284917724029,0.06616985328848425,0.025,0.08554041188101574,1.0,0.09903752095162925
208,500,936,17575,0.25,0.9460716668318795,0.9864284917724029,0.06602039955958501,0.025,0.08618644991963262,1.0,0.09882778157122794
209,500,951,17589,0.25,0.9462577934629803,0.9864284917724029,0.06605619691001921,0.025,0.08603583940482776,1.0,0.09888706395784186
210,500,918,17604,0.25,0.946478094529504,0.9864284917724029,0.0661015392615196,0.025,0.08580680417885099,1.0,0.09895137167453244
211,500,940,17617,0.25,0.9466071285190326,0.9864284917724029,0.06613518037401152,0.025,0.08561209425914106,1.0,0.09900333021780655
212,500,911,17626,0.25,0.9465079280175366,0.9864284917724029,0.06612753798457903,0.025,0.08579858665719975,1.0,0.09897218887961962
213,500,933,17641,0.25,0.946749595266203,0.9864284917724029,0.06619691408855709,0.025,0.08561634079069225,1.0,0.09906689399052636
214,500,960,17650,0.25,0.9471522905251966,0.9864284917724029,0.06601810606577758,0.025,0.08525749381601777,1.0,0.09917158273568108
215,500,917,17666,0.25,0.9473237511039219,0.9864284917724029,0.06601876963365927,0.025,0.08499592689280223,1.0,0.09915673334350764
216,500,935,17679,0.25,0.9477503085348928,0.9864284917724029,0.06592708863111252,0.025,0.08431670716704602,1.0,0.09897871466073473
217,500,921,17695,0.25,0.9489462516784117,0.9864284917724029,0.06387178315966872,0.025,0.08253639206827491,1.0,0.09628047159857832
218,500,928,17715,0.25,0.9490228352993656,0.9864284917724029,0.06390096008194805,0.025,0.08249414353791093,1.0,0.09630155813989934
219,500,965,17732,0.25,0.9490107074224101,0.9864284917724029,0.06389745798101464,0.025,0.08252207056148222,1.0,0.09629072827079718
220,500,918,17742,0.25,0.9467941358094225,0.9864284917724029,0.06729805615345173,0.025,0.08536141183561478,1.0,0.09885230021275071
221,500,904,17748,0.25,0.9486450030639464,0.9864284917724029,0.063764173182168,0.02631578947368421,0.08304202801870375,1.0,0.09607375538744496
222,500,913,17759,0.25,0.9469157895181495,0.9864284917724029,0.06693440805275147,0.02631578947368421,0.08523569138859803,1.0,0.09858922409945661
223,500,945,17767,0.25,0.9464834361032011,0.9864284917724029,0.06659600765076133,0.02631578947368421,0.08608853752439094,1.0,0.09888765294783325
224,500,914,17780,0.25,0.9465669207001117,0.9864284917724029,0.0665393120623334,0.02631578947368421,0.08614972171842743,1.0,0.09888071198680255
225,500,952,17788,0.25,0.9467326467990772,0.9864284917724029,0.06652392348351242,0.02631578947368421,0.08603453294146954,1.0,0.09888255569698913
226,500,956,17801,0.25,0.9465846854498595,0.9864284917724029,0.06640829414354593,0.02631578947368421,0.08629066817689669,1.0,0.09876262613634709
227,500,955,17816,0.25,0.9465254929349002,0.9864284917724029,0.06638264118927108,0.02631578947368421,0.08637719561211608,1.0,0.09872229030868956
228,500,935,17827,0.25,0.9466056836205032,0.9864284917724029,0.06641392721257813,0.02631578947368421,0.08635629530671728,1.0,0.09873415245488286
229,500,969,17835,0.25,0.9466894202044733,0.9864284917724029,0.06643887857986171,0.02631578947368421,0.08624517488059352,1.0,0.09875162416431887
230,500,935,17850,0.25,0.9469252395397771,0.9864284917724029,0.06645915858760074,0.02631578947368421,0.08598583027483957,1.0,0.09880537497919252
231,500,929,17859,0.25,0.9467703771019573,0.9877372868754957,0.06639105945532384,0.02631578947368421,0.0862606364079708,1.0,0.09868272704132466
232,500,966,17872,0.25,0.9466012031621729,0.9877372868754957,0.06629689903074387,0.02631578947368421,0.08652221250731006,1.0,0.09855951389679511
233,500,970,17885,0.25,0.9469845562459448,0.9877372868754957,0.06630371679244187,0.02631578947368421,0.0858492810930901,1.0,0.09857862743461071
234,500,932,17895,0.25,0.946974078225254,0.9877372868754957,0.06630535248650939,0.02631578947368421,0.08584206608587508,1.0,0.09855937781082473
235,500,919,17911,0.25,0.9472023626743745,0.9877372868754957,0.06602786771629714,0.02631578947368421,0.08560797110379621,1.0,0.0984892237251207
236,500,946,17922,0.25,0.9472098064306828,0.9877372868754957,0.06589914743150445,0.02702702702702703,0.08555940994501435,1.0,0.09824707872315802
237,500,901,17932,0.25,0.9483429369277631,0.9877372868754957,0.06349949880852654,0.02702702702702703,0.08398567636913495,1.0,0.09545225625976327
238,500,928,17941,0.25,0.948445835792751,0.9883816167724029,0.06353830796585129,0.02702702702702703,0.08397123439126418,1.0,0.09546427314753103
239,500,915,17954,0.25,0.9486467269280333,0.9883816167724029,0.06360623026887706,0.02702702702702703,0.08381046762152869,1.0,0.09553269297551686
240,500,957,17969,0.25,0.9468302579910425,0.9883816167724029,0.06716418589115272,0.02702702702702703,0.08588891098171564,1.0,0.09810056131479392
241,500,948,17973,0.25,0.9472487085804017,0.9883816167724029,0.06579497217363756,0.02702702702702703,0.08590195390514226,1.0,0.09809758076382422
242,500,955,17992,0.25,0.9485326547968783,0.9883816167724029,0.06355593341209038,0.02702702702702703,0.0840848070827109,1.0,0.09541545777692502
243,500,942,17999,0.25,0.9489521786123027,0.9883816167724029,0.06370667643195789,0.02702702702702703,0.08360671877251642,1.0,0.09559653741090096
244,500,900,18011,0.25,0.9488863542868214,0.9883816167724029,0.06367701955137071,0.02702702702702703,0.08372202574204753,1.0,0.09555263604481191
245,500,947,18018,0.25,0.9487769041525485,0.9883816167724029,0.06364934989066359,0.02702702702702703,0.08395661072655458,1.0,0.09548485154246798
246,500,920,18024,0.25,0.9488028992029233,0.9883816167724029,0.06365321250707315,0.02702702702702703,0.0839395004654034,1.0,0.09548654763797756
247,500,919,18027,0.25,0.9488918722064019,0.9883816167724029,0.06369123790772786,0.02702702702702703,0.08389399240255575,1.0,0.09550711813023177
248,500,921,18031,0.25,0.9490124641788625,0.9883816167724029,0.06370025853832641,0.02702702702702703,0.08369837427942216,1.0,0.09551331984791203
249,500,927,18039,0.25,0.9491250234301781,0.9883816167724029,0.06376984532685817,0.02702702702702703,0.08380008061300835,1.0,0.09552797321312509
250,500,933,18049,0.25,0.9495181128793888,0.9883816167724029,0.06378068117588209,0.02702702702702703,0.0831929463416753,1.0,0.09552354891036946
251,500,928,18054,0.25,0.9499009340530604,0.9883816167724029,0.06347950021948136,0.02702702702702703,0.08250484218903956,1.0,0.09495240259632272
252,500,936,18062,0.25,0.9509725770041814,0.9883816167724029,0.06151023628710757,0.029411764705882353,0.08100409820570974,1.0,0.0924466074722498
253,500,912,18068,0.25,0.949874417230643,0.9883816167724029,0.06528624173430568,0.029411764705882353,0.08222972080154108,1.0,0.09506315795370901
254,500,929,18080,0.25,0.9512064555772836,0.9883816167724029,0.0615905637181935,0.029411764705882353,0.08081085818776572,1.0,0.09252186549814155
255,500,927,18087,0.25,0.9512946168602661,0.9883816167724029,0.06160212992840258,0.029411764705882353,0.0808018346126081,1.0,0.09252784593371251
256,500,943,18097,0.25,0.9513055947998523,0.9883816167724029,0.06161012857036951,0.029411764705882353,0.08085673950320561,1.0,0.09251234558412895
257,500,939,18104,0.25,0.951120218722965,0.9883816167724029,0.06154413013246531,0.029411764705882353,0.08109819581052452,1.0,0.09241448817997573
258,500,907,18113,0.25,0.9524376027323191,0.9883816167724029,0.06093757639750028,0.030303030303030304,0.0788937958509599,1.0,0.09118861218641161
259,500,931,18124,0.25,0.9532911996025882,0.9883816167724029,0.05930509946375989,0.030303030303030304,0.07783261233971608,1.0,0.08928755642866466
260,500,941,18127,0.25,0.9534200621462944,0.9883816167724029,0.05934751152465093,0.030303030303030304,0.0777082458679812,1.0,0.08933179612881594
261,500,923,18132,0.25,0.9513892673450906,0.9883816167724029,0.06319416072481836,0.030303030303030304,0.08048994622663388,1.0,0.09252875603949212
262,500,933,18134,0.25,0.9521418708546607,0.9883816167724029,0.06176484464987741,0.030303030303030304,0.07978401190875473,1.0,0.0923324014555406
263,500,958,18143,0.25,0.9535433967450077,0.9883816167724029,0.059389985119854875,0.030303030303030304,0.07780358953323972,1.0,0.08931147653421485
264,500,929,18148,0.25,0.9525650238131713,0.9883816167724029,0.062268792877930586,0.030303030303030304,0.07914993612175511,1.0,0.09201900980356208
265,500,953,18156,0.25,0.9538145587579302,0.9883816167724029,0.059488835527362,0.030303030303030304,0.07770362449051126,1.0,0.0893813567662434
266,500,952,18160,0.25,0.9540066581694723,0.9883816167724029,0.059556111661422106,0.030303030303030304,0.07753527674911584,1.0,0.08944451778831111
267,500,920,18164,0.25,0.9540027424009625,0.9883816167724029,0.05955355754073882,0.030303030303030304,0.0775678418219286,1.0,0.08943320023821623
268,500,928,18168,0.25,0.9530510389256363,0.9883816167724029,0.06187509346565182,0.030303030303030304,0.07870371929726375,1.0,0.09130647189794162
269,500,940,18175,0.25,0.9538768203446039,0.9883816167724029,0.05949180547152007,0.030303030303030304,0.07783038593975457,1.0,0.0893379106516241
270,500,946,18185,0.25,0.9538692973987997,0.9883816167724029,0.059496388337506666,0.030303030303030304,0.07787745516271574,1.0,0.08932457264474351
271,500,895,18187,0.25,0.953825582149809,0.9883816167724029,0.05948528727060208,0.030303030303030304,0.0779543373448611,1.0,0.08929782959657155
272,500,941,18192,0.25,0.9539526850082907,0.9883816167724029,0.05952977791803157,0.030303030303030304,0.07788278346014932,1.0,0.08932857354821132
273,500,913,18200,0.25,0.9542021872296518,0.9883816167724029,0.05961550483303883,0.029411764705882353,0.07763841852919555,1.0,0.08941835751750435
274,500,915,18208,0.25,0.954064194238429,0.9883816167724029,0.05953577866505831,0.029411764705882353,0.07779698974944568,1.0,0.08935759507310677
275,500,914,18214,0.25,0.953890267126559,0.9883816167724029,0.059471224452815934,0.029411764705882353,0.07796716384058752,1.0,0.08928839586599156
276,500,912,18219,0.25,0.9536880380492574,0.9883816167724029,0.05940465564971367,0.029411764705882353,0.07819835152058323,1.0,0.08920566384316272
277,500,917,18225,0.25,0.9536203562062938,0.9883816167724029,0.05938754382361837,0.029411764705882353,0.07832016891642277,1.0,0.08916529929629642
278,500,922,18233,0.25,0.9536890188500288,0.9890259466693101,0.05940927072383325,0.029411764705882353,0.07827082400396239,1.0,0.08918066930377848
279,500,898,18238,0.25,0.9540571558354661,0.9890259466693101,0.05944991318367816,0.029411764705882353,0.07768252835412583,1.0,0.0892130073338618
280,500,936,18243,0.25,0.9551397633777305,0.9890259466693101,0.058796486676267946,0.02857142857142857,0.07589404437641771,1.0,0.08790256093357224
281,500,900,18245,0.25,0.9556728593490916,0.9890259466693101,0.05702524820243056,0.02857142857142857,0.07516480983854072,1.0,0.08577632295390701
282,500,939,18250,0.25,0.9557183247647971,0.9890259466693101,0.057039041526141455,0.02857142857142857,0.0751734161437302,1.0,0.08577526405411542
283,500,929,18255,0.25,0.9558113011183403,0.9890259466693101,0.05707460336606135,0.02857142857142857,0.0751708474705733,1.0,0.08578529350544543
284,500,929,18259,0.25,0.9558067838813893,0.9890259466693101,0.05707269100323141,0.02857142857142857,0.07523108227425024,1.0,0.0857689599158496
285,500,917,18267,0.25,0.9558600598258056,0.9890259466693101,0.057102673765159845,0.02857142857142857,0.07525822153866106,1.0,0.08579097137818785
286,500,914,18273,0.25,0.9550616941370486,0.9890259466693101,0.06047168792311513,0.02857142857142857,0.07606633557374878,1.0,0.08789094352639158
287,500,914,18276,0.25,0.955802166108698,0.9890259466693101,0.05709336547636766,0.02857142857142857,0.0754062255230334,1.0,0.08576054088282825
288,500,914,18280,0.25,0.9559237753789381,0.9890259466693101,0.05714070300819506,0.02857142857142857,0.07532636481733654,1.0,0.08579594743651185
289,500,948,18281,0.25,0.9559649945817713,0.9890259466693101,0.05714325704831597,0.02857142857142857,0.075238879332431,1.0,0.08579908730120588
290,500,918,18284,0.25,0.9562646082654459,0.9890259466693101,0.057198678298082485,0.02857142857142857,0.07477932316856156,1.0,0.08585185551363976
291,500,918,18291,0.25,0.9579402590724353,0.9890259466693101,0.054602806591546774,0.029411764705882353,0.0720962731375701,1.0,0.08215749789717258
292,500,928,18293,0.25,0.9576663714989907,0.9890259466693101,0.05451231019661885,0.029411764705882353,0.07239279088051531,1.0,0.08205595748453215
293,500,923,18299,0.25,0.9576391090224208,0.9890259466693101,0.054505465675934325,0.029411764705882353,0.07242688104605872,1.0,0.0820477943198028
294,500,936,18304,0.25,0.9576768418598155,0.9890259466693101,0.054523229109391794,0.029411764705882353,0.07245039596516964,1.0,0.08204921893197381
295,500,940,18308,0.25,0.9577574621737799,0.9890259466693101,0.05455363232540836,0.029411764705882353,0.07243117026413652,1.0,0.08206582615320608
296,500,936,18317,0.25,0.9558850791444381,0.9890259466693101,0.05890030227353663,0.029411764705882353,0.07476288013473559,1.0,0.0859255480562314
297,500,965,18322,0.25,0.9562847570358122,0.9890259466693101,0.058231671374964745,0.029411764705882353,0.07473395469294448,1.0,0.08598979279340635
298,500,893,18332,0.25,0.95641468165372,0.9890259466693101,0.05817693512074841,0.029411764705882353,0.07457817786743083,1.0,0.08597132793137506
299,500,914,18334,0.25,0.9577522371877478,0.9896702765662173,0.05733453251182096,0.029411764705882353,0.07254846180240304,1.0,0.08449994189717777
300,500,914,18339,0.25,0.9556085200237907,0.9896702765662173,0.058823417819247756,0.029411764705882353,0.07526978277868301,1.0,0.08574374938734106
301,500,947,18347,0.25,0.957355302204239,0.9896702765662173,0.057226592500571,0.029411764705882353,0.07310083135548212,1.0,0.08433572584907162
302,500,900,18349,0.25,0.9584131512012473,0.9896702765662173,0.05440509736407994,0.029411764705882353,0.07201741218241686,1.0,0.082218626958414
303,500,900,18350,0.25,0.9584913137683837,0.9896702765662173,0.05442955280770332,0.029411764705882353,0.07195577341115922,1.0,0.08224020242911154
304,500,939,18354,0.25,0.9586225535176808,0.9896702765662173,0.05447357989944115,0.029411764705882353,0.07184981202781579,1.0,0.08227932334943384
305,500,907,18357,0.25,0.9567606238397557,0.9896702765662173,0.057981494926865815,0.029411764705882353,0.07469963397138549,1.0,0.08602260220507654
306,500,932,18361,0.25,0.9569247490830689,0.9896702765662173,0.056759346898511136,0.02857142857142857,0.07479827588390323,1.0,0.08595537485683274
307,500,918,18361,0.25,0.9572155019915651,0.9896702765662173,0.05669472615179757,0.02857142857142857,0.07444312882507971,1.0,0.08595051599710038
308,500,927,18364,0.25,0.9584616015991096,0.9896702765662173,0.055776023263477116,0.02857142857142857,0.07256598987489309,1.0,0.0845150148784749
309,500,882,18368,0.25,0.9583899628721795,0.9896702765662173,0.05575376634696442,0.02857142857142857,0.07265471864125342,1.0,0.08448382553771212
310,500,909,18369,0.25,0.9591762010219164,0.9896702765662173,0.05399649326053038,0.02857142857142857,0.0716515430213382,1.0,0.08233029978210975
311,500,917,18374,0.25,0.9590925233513264,0.9896702765662173,0.05397227998745802,0.02857142857142857,0.07178898466239252,1.0,0.08228487452313946
312,500,876,18377,0.25,0.9593783201576129,0.9896702765662173,0.05406539300990924,0.02857142857142857,0.0715370555371136,1.0,0.08237375028420368
313,500,914,18379,0.25,0.9593563421436812,0.9896702765662173,0.05405510070386981,0.02857142857142857,0.07153858103832951,1.0,0.08236850108910991
314,500,936,18380,0.25,0.9596288516171328,0.9896702765662173,0.05413114502432258,0.02857142857142857,0.07125332732708696,1.0,0.08245186798626353
315,500,939,18383,0.25,0.9595976426199445,0.9896702765662173,0.05412380228796676,0.02857142857142857,0.07129348658693477,1.0,0.08243941182103505
316,500,936,18385,0.25,0.9597745780315046,0.9896702765662173,0.05418136780602235,0.02857142857142857,0.0711245311889586,1.0,0.08249200867083165
317,500,959,18388,0.25,0.9601201752419617,0.9896702765662173,0.054292630403484886,0.02857142857142857,0.07084635912353582,1.0,0.08259139978991091
318,500,932,18391,0.25,0.960187347760165,0.9896702765662173,0.05431585324231845,0.02857142857142857,0.07081162667036096,1.0,0.08260666030058132
319,500,929,18393,0.25,0.9604224836214044,0.9896702765662173,0.05438547867506498,0.02857142857142857,0.07059982716229397,1.0,0.08267408203315325
320,500,927,18397,0.25,0.9606275898231922,0.9896702765662173,0.054446825505504795,0.02857142857142857,0.07043156588917764,1.0,0.08272720174682213
321,500,951,18402,0.25,0.9610054029089466,0.9896702765662173,0.05455341111017576,0.02857142857142857,0.07006633987283681,1.0,0.08284429789210256
322,500,923,18407,0.25,0.9613844663551654,0.9896702765662173,0.054660073421641885,0.027777777777777776,0.06969552044384164,1.0,0.08296055017060419
323,500,939,18410,0.25,0.9613505996097974,0.9896702765662173,0.054654446862418195,0.027777777777777776,0.06972767374758417,1.0,0.08295227501543216
324,500,923,18413,0.25,0.9615260947975993,0.9896702765662173,0.0547028517593793,0.027777777777777776,0.06959971198900698,1.0,0.08299566755969628
325,500,922,18416,0.25,0.9619886453189207,0.9896702765662173,0.05482864309695775,0.027777777777777776,0.06916348188250145,1.0,0.08313294251089114
326,500,926,18418,0.25,0.9622094454595018,0.9896702765662173,0.0548869110336422,0.027777777777777776,0.06895500467626857,1.0,0.08319479981083736
327,500,884,18420,0.25,0.9623539029832925,0.9896702765662173,0.05492379778068279,0.027777777777777776,0.06882477767507383,1.0,0.08323283402635007
328,500,915,18422,0.25,0.9627475813410172,0.9896702765662173,0.05502396070722772,0.027777777777777776,0.06843317721954122,1.0,0.08334577567958872
329,500,915,18423,0.25,0.963182876651377,0.9896702765662173,0.05509632833885701,0.027777777777777776,0.06803726512272491,1.0,0.08348525859605622
330,500,940,18425,0.25,0.9635843987681133,0.9896702765662173,0.05519683835869039,0.027777777777777776,0.06768092467588699,1.0,0.08359358300965272
331,500,951,18427,0.25,0.9637151188293022,0.9896702765662173,0.05523379839692538,0.027777777777777776,0.06757672908284505,1.0,0.08362709752488394
332,500,932,18431,0.25,0.964084161819173,0.9896702765662173,0.05532041474477414,0.027777777777777776,0.06721602074944485,1.0,0.0837247814288973
333,500,924,18432,0.25,0.9643895690649555,0.9896702765662173,0.05539146785878425,0.027777777777777776,0.06689734218196572,1.0,0.08381045716101729
334,500,908,18433,0.25,0.9634546287555872,0.9896702765662173,0.05895443502671131,0.027777777777777776,0.06784982040915194,1.0,0.08599613388551354
335,500,901,18438,0.25,0.9644254725461394,0.9896702765662173,0.05540904109168999,0.027777777777777776,0.06693506935342888,1.0,0.0837971944686621
336,500,913,18440,0.25,0.9643928943479201,0.9896702765662173,0.05540187067905035,0.027777777777777776,0.06698335786249326,1.0,0.08378143147794587
337,500,935,18442,0.25,0.9643345327031215,0.9896702765662173,0.05540033638647294,0.027777777777777776,0.06710670830237596,1.0,0.08377123655153686
338,500,949,18444,0.25,0.9642772699674681,0.9896702765662173,0.05539036394010239,0.027777777777777776,0.06718024290695897,1.0,0.08374907675220779
339,500,905,18447,0.25,0.9643527752933277,0.9896702765662173,0.055411599954161506,0.027777777777777776,0.06711635845811083,1.0,0.08377050241089326
340,500,914,18450,0.25,0.9647333274006921,0.9896702765662173,0.055492895242512295,0.027777777777777776,0.0667405990164031,1.0,0.08386194776072808
341,500,912,18452,0.25,0.9647047003978624,0.9896702765662173,0.05544105435205607,0.027777777777777776,0.06678395741239308,1.0,0.08384917181343991
342,500,919,18456,0.25,0.9649397166863419,0.9896702765662173,0.05549791966041776,0.027777777777777776,0.06657740015518891,1.0,0.08390930503662104
343,500,923,18457,0.25,0.9651007280251964,0.9896702765662173,0.05552252524040545,0.027777777777777776,0.06637371641797789,1.0,0.08393748277245783
344,500,934,18457,0.25,0.9651302482472425,0.9896702765662173,0.055522810209100056,0.027777777777777776,0.06634564624253929,1.0,0.0839397268716472
345,500,892,18460,0.25,0.9655411976312991,0.9896702765662173,0.05561650515493881,0.027777777777777776,0.06601711909970635,1.0,0.08403063343243639
346,500,903,18462,0.25,0.9663057502500719,0.9896702765662173,0.055603378633577734,0.027777777777777776,0.06491412472536308,1.0,0.08397766084862739
347,500,926,18463,0.25,0.967894401088602,0.9896702765662173,0.052940042792012046,0.02857142857142857,0.06247764449799838,1.0,0.08002852806780465
348,500,869,18467,0.25,0.9679330723722154,0.9896702765662173,0.05293778985609371,0.02857142857142857,0.06248327002963484,1.0,0.08001643855694633
349,500,946,18471,0.25,0.9680747319610158,0.9896702765662173,0.05296449929852287,0.02857142857142857,0.06235099233546484,1.0,0.08004619397018108
350,500,936,18472,0.25,0.9680473889432089,0.9896702765662173,0.052961158446353615,0.02857142857142857,0.06239818468910881,1.0,0.08003266940395118
351,500,905,18473,0.25,0.9679902144086583,0.9896702765662173,0.05295075727968721,0.02857142857142857,0.062470948226997884,1.0,0.08001331234171018
352,500,923,18475,0.25,0.9680055984044948,0.9896702765662173,0.052954964278199824,0.02857142857142857,0.06249225358513174,1.0,0.08000583690669012
353,500,921,18478,0.25,0.9680523518604461,0.9896702765662173,0.05296345257423529,0.02857142857142857,0.062487423482901754,1.0,0.08000492229043793
354,500,943,18480,0.25,0.9678809917048159,0.9896702765662173,0.052940614255687336,0.02857142857142857,0.06274974735789351,1.0,0.07996319193717112
355,500,920,18484,0.25,0.9678784143852283,0.9896702765662173,0.05293964751573198,0.02857142857142857,0.06277532670531659,1.0,0.07995356991297219
356,500,916,18486,0.25,0.9682667783730444,0.9896702765662173,0.05300782549176317,0.02857142857142857,0.06240480201460214,1.0,0.08003990029745398
357,500,918,18488,0.25,0.9682603350740753,0.9896702765662173,0.053005183219879695,0.02857142857142857,0.06244043419851019,1.0,0.08002618656377725
358,500,928,18492,0.25,0.9682565087457645,0.9896702765662173,0.053004572142339355,0.02857142857142857,0.06246525651898453,1.0,0.08001789829548651
359,500,927,18493,0.25,0.9684495062202616,0.9896702765662173,0.05304843551659319,0.02857142857142857,0.0623169237696017,1.0,0.08005907273016298
360,500,924,18498,0.25,0.9685391874234013,0.9896702765662173,0.053060430347165746,0.02857142857142857,0.06223359781469867,1.0,0.08007316709126534
361,500,939,18503,0.25,0.9685223940685603,0.9896702765662173,0.0530608483743125,0.02857142857142857,0.06223996184382001,1.0,0.08007476498353745
362,500,910,18505,0.25,0.9685627841472316,0.9896702765662173,0.0530687889489512,0.02857142857142857,0.06222044265948845,1.0,0.08007936543174057
363,500,914,18508,0.25,0.9686441038745404,0.9896702765662173,0.053079836440665336,0.02857142857142857,0.06210842884493635,1.0,0.0800837516364825
364,500,936,18509,0.25,0.9696906258448381,0.9896702765662173,0.05281882902345568,0.02857142857142857,0.060538065617177214,1.0,0.07960214618864361
365,500,938,18510,0.25,0.970885265290444,0.9896702765662173,0.050158325189751406,0.029411764705882353,0.058688660795080526,1.0,0.07567316260099348
366,500,944,18512,0.25,0.9708942859090007,0.9896702765662173,0.05016144604503444,0.029411764705882353,0.058693406809170234,1.0,0.07567163987588738
367,500,951,18514,0.25,0.969393264443353,0.9896702765662173,0.0552712700622688,0.029411764705882353,0.06065156879118621,1.0,0.07985105719174858
368,500,949,18516,0.25,0.9704465499062792,0.9896702765662173,0.054245572405553444,0.029411764705882353,0.05915707749026702,1.0,0.07829066604506385
369,500,894,18517,0.25,0.9717008508646636,0.9896702765662173,0.050265016740026494,0.029411764705882353,0.057920515514772904,1.0,0.07581989924210128
370,500,910,18518,0.25,0.9717072941636327,0.9896702765662173,0.050267129754109685,0.029411764705882353,0.057918364977138495,1.0,0.075820611842591
371,500,926,18521,0.25,0.9716760448958257,0.9896702765662173,0.050264330426893475,0.029411764705882353,0.05797717272262954,1.0,0.07580701962098257
372,500,914,18521,0.25,0.9716993206938034,0.9896702765662173,0.050271708229484964,0.029411764705882353,0.057958030782811844,1.0,0.0758134065117658
373,500,941,18523,0.25,0.9716527168305277,0.9896702765662173,0.05026947086456979,0.029411764705882353,0.05802354832978101,1.0,0.07580346949668744
374,500,897,18526,0.25,0.9716578714697028,0.9896702765662173,0.05027121898867834,0.029411764705882353,0.05803014825562453,1.0,0.07580130641713897
375,500,948,18527,0.25,0.9716641951959121,0.9896702765662173,0.050271287425382574,0.029411764705882353,0.0580481100120735,1.0,0.07579550058235061
376,500,946,18528,0.25,0.9716719271546751,0.9896702765662173,0.050273940562393406,0.029411764705882353,0.05804241741245301,1.0,0.07579754418036937
377,500,951,18530,0.25,0.9716407181574868,0.9896702765662173,0.050269250627015226,0.029411764705882353,0.058086800059838996,1.0,0.07578671603833467
378,500,936,18532,0.25,0.9716445438662495,0.9896702765662173,0.05027068298904975,0.029411764705882353,0.05812796653817177,1.0,0.07577354552373836
379,500,927,18534,0.25,0.9716792187274709,0.9896702765662173,0.050281256379639955,0.029411764705882353,0.05811024884614929,1.0,0.07577824083515645
380,500,951,18534,0.25,0.9718425157477831,0.9896702765662173,0.0502931604687316,0.029411764705882353,0.05794986597725696,1.0,0.07579710368716071
381,500,909,18536,0.25,0.9707996096284514,0.9896702765662173,0.0537650743146352,0.029411764705882353,0.05954316652562456,1.0,0.07979339953910951
382,500,926,18536,0.25,0.9723556051632002,0.9896702765662173,0.05035229503774331,0.029411764705882353,0.05749798631991752,1.0,0.07587729415602122
383,500,921,18537,0.25,0.9723517391838186,0.9896702765662173,0.05035097372066308,0.029411764705882353,0.057517497377955855,1.0,0.07587055947454051
384,500,925,18539,0.25,0.9724555054722982,0.9896702765662173,0.050366873582452315,0.029411764705882353,0.057445637756096235,1.0,0.07588602733344445
385,500,936,18540,0.25,0.9728626707699516,0.9896702765662173,0.05041110137348531,0.029411764705882353,0.0570398897094409,1.0,0.07595566404098826
386,500,899,18540,0.25,0.9744633751960022,0.9896702765662173,0.04931407590859737,0.029411764705882353,0.054451540019951054,1.0,0.07380227762474965
387,500,948,18543,0.25,0.9729683542214872,0.9896702765662173,0.050888394740065804,0.029411764705882353,0.05654695068548131,1.0,0.0757964958254757
388,500,963,18546,0.25,0.9733884043710798,0.9896702765662173,0.050504550800758406,0.029411764705882353,0.05617457421138069,1.0,0.07573587777199017
389,500,931,18548,0.25,0.9750307655698038,0.9896702765662173,0.04745371097952627,0.030303030303030304,0.053684082130232326,1.0,0.07102250697721459
390,500,974,18552,0.25,0.9750644324264651,0.9896702765662173,0.04746006779479606,0.030303030303030304,0.05366193836340606,1.0,0.07102748534389342
391,500,933,18553,0.25,0.9739593917841178,0.9896702765662173,0.05181507962878665,0.030303030303030304,0.05520976797022098,1.0,0.07566519710782382
392,500,931,18555,0.25,0.975737131988501,0.9896702765662173,0.04747860351568156,0.030303030303030304,0.052951272454457146,1.0,0.07109645078902257
393,500,942,18557,0.25,0.9757084600402818,0.9896702765662173,0.04747751613435217,0.030303030303030304,0.053021382502782766,1.0,0.07108296876422414
394,500,934,18559,0.25,0.9757097487000755,0.9896702765662173,0.047477903818642524,0.030303030303030304,0.0530381495161015,1.0,0.07107863254918692
395,500,957,18562,0.25,0.9757200579784262,0.9896702765662173,0.047480724119769536,0.030303030303030304,0.053041057509109604,1.0,0.07107799204726567
396,500,928,18563,0.25,0.9757277899371891,0.9896702765662173,0.04748289022711024,0.030303030303030304,0.053040245760605974,1.0,0.0710785498744918
397,500,911,18564,0.25,0.9757341232945533,0.9896702765662173,0.04748369775363058,0.030303030303030304,0.053064370155141934,1.0,0.0710732920105102
398,500,907,18565,0.25,0.9756951414484356,0.9896702765662173,0.04748448502303779,0.030303030303030304,0.053112824236012754,1.0,0.07106945559967191
399,500,934,18565,0.25,0.9757015847474046,0.9896702765662173,0.047486179788730695,0.030303030303030304,0.05311775034438714,1.0,0.07106820677460939
400,500,899,18568,0.25,0.9757170486649304,0.9896702765662173,0.047490288871407826,0.030303030303030304,0.053109179975193856,1.0,0.07107067261979944
401,500,925,18569,0.25,0.9757466475695696,0.9896702765662173,0.04749819911695716,0.030303030303030304,0.05308823312654957,1.0,0.07107682096295101
402,500,942,18570,0.25,0.9757621114870954,0.9896702765662173,0.047502344928991455,0.030303030303030304,0.0530846071105765,1.0,0.07107804101094606
403,500,937,18570,0.25,0.9758422716458798,0.9896702765662173,0.04751392678270952,0.030303030303030304,0.053024888645552624,1.0,0.07109118104911459
404,500,952,18572,0.25,0.9759240598077823,0.9896702765662173,0.04751845248195845,0.030303030303030304,0.05296239691719238,1.0,0.0710994365602816
405,500,936,18572,0.25,0.9732092307016437,0.9896702765662173,0.05320803556488186,0.030303030303030304,0.05607977510002384,1.0,0.07568244755860593
406,500,915,18573,0.25,0.9729086404413885,0.9896702765662173,0.05310206273582624,0.030303030303030304,0.056587792232387156,1.0,0.07592397248481801
407,500,929,18578,0.25,0.9731433209911866,0.9896702765662173,0.05179003955712664,0.03125,0.056693569105747285,1.0,0.07593255546389395
408,500,910,18580,0.25,0.9730528809544191,0.9903146064631245,0.05176172522200972,0.03125,0.05688838566266635,1.0,0.07592454381695293
409,500,903,18580,0.25,0.9730529206054899,0.9903146064631245,0.05176147583846217,0.03125,0.05691279903201854,1.0,0.07591696830850522
410,500,917,18581,0.25,0.9729542685729218,0.9903146064631245,0.051766690896232044,0.029411764705882353,0.05704511357007148,1.0,0.07590147236370873
411,500,912,18582,0.25,0.9730011429533739,0.9903146064631245,0.05174900072420712,0.029411764705882353,0.057012191625966255,1.0,0.07589235291183172
412,500,925,18583,0.25,0.973074557868034,0.9903146064631245,0.05107399152816228,0.029411764705882353,0.05704783187036019,1.0,0.07588253871258563
413,500,931,18584,0.25,0.9730209634759569,0.9903146064631245,0.0510606024045857,0.029411764705882353,0.057157325884873655,1.0,0.07588132299558133
414,500,925,18584,0.25,0.9730094748598694,0.9903146064631245,0.05105394501138838,0.029411764705882353,0.0571803456250036,1.0,0.07587555767276079
415,500,905,18584,0.25,0.9729966681836204,0.9903146064631245,0.05105014964962353,0.029411764705882353,0.05721624235917619,1.0,0.07586528184216135
416,500,973,18585,0.25,0.9729213628591123,0.9903146064631245,0.05104964668472873,0.029411764705882353,0.05733520787641757,1.0,0.07586047898003326
417,500,941,18585,0.25,0.9728336127870195,0.9903146064631245,0.051027350067558534,0.029411764705882353,0.05745726559931894,1.0,0.07583420893791581
418,500,919,18586,0.25,0.9728715335164191,0.9903146064631245,0.050993448574032325,0.029411764705882353,0.057454768409613735,1.0,0.07583492982038946
419,500,941,18587,0.25,0.9728186537447732,0.9903146064631245,0.05101751722984263,0.029411764705882353,0.05758141738179155,1.0,0.07587245310487294
420,500,902,18587,0.25,0.973087347027972,0.9903146064631245,0.05096246487016828,0.029411764705882353,0.05735129901081072,1.0,0.07590868884387579
421,500,908,18587,0.25,0.9733461172928233,0.9903146064631245,0.050888194413886215,0.02857142857142857,0.057070687808475386,1.0,0.07589893424665485
422,500,952,18588,0.25,0.9736811549275466,0.9903146064631245,0.050817062103580404,0.02857142857142857,0.05663831447975317,1.0,0.07584845339813023
423,500,887,18588,0.25,0.9756349171044806,0.9903146064631245,0.047493518154189555,0.02857142857142857,0.05368676146081973,1.0,0.07099638521350103
424,500,924,18589,0.25,0.9756492131740682,0.9903146064631245,0.047497146764834124,0.030303030303030304,0.053676276613798375,1.0,0.07099850227964757
425,500,942,18590,0.25,0.9756737788709356,0.9903146064631245,0.04750317396838417,0.030303030303030304,0.05364909414768376,1.0,0.07100556589134735
426,500,924,18590,0.25,0.9756841686905233,0.9903146064631245,0.047505826546936074,0.030303030303030304,0.05363953620264194,1.0,0.07100812296921147
427,500,955,18593,0.25,0.9756894038709357,0.9903146064631245,0.047507082390086164,0.030303030303030304,0.05363652815725347,1.0,0.07100876729348347
428,500,937,18593,0.25,0.9760219234937099,0.9903146064631245,0.04751532145831983,0.030303030303030304,0.05329191910673672,1.0,0.07104268004897951
429,500,893,18593,0.25,0.9760245008132974,0.9903146064631245,0.04751604422020266,0.030303030303030304,0.053296516807886135,1.0,0.07104142541426994
430,500,934,18594,0.25,0.9760219234937098,0.9903146064631245,0.047515408832375525,0.030303030303030304,0.05331095083511215,1.0,0.0710376420403369
431,500,918,18596,0.25,0.9760166889328454,0.9903146064631245,0.047513190430914246,0.030303030303030304,0.05333234507305811,1.0,0.07103257373871157
432,500,904,18597,0.25,0.9760013043174608,0.9903146064631245,0.04750959813534665,0.030303030303030304,0.05335823366722258,1.0,0.07102629440813095
433,500,922,18598,0.25,0.9759973980674609,0.9903146064631245,0.047508800710757394,0.030303030303030304,0.05337121996253646,1.0,0.07102311901606456
434,500,934,18599,0.25,0.9759870485184918,0.9903146064631245,0.04750615574990122,0.030303030303030304,0.0533908359787042,1.0,0.0710180691269759
435,500,913,18599,0.25,0.9759844711989042,0.9903146064631245,0.04750546576258516,0.030303030303030304,0.05340530414144822,1.0,0.07101427291635734
436,500,919,18599,0.25,0.9759767392401413,0.9903146064631245,0.047503394901502224,0.030303030303030304,0.053428621054420304,1.0,0.07100794963415215
437,500,915,18599,0.25,0.9759728732607598,0.9903146064631245,0.0475023939243357,0.030303030303030304,0.053438475625342735,1.0,0.07100540673230372
438,500,890,18599,0.25,0.9758949913488573,0.9903146064631245,0.04749593840477614,0.030303030303030304,0.053523314158457125,1.0,0.07099229814694667
439,500,930,18600,0.25,0.9759296662100785,0.9903146064631245,0.04750406079085565,0.030303030303030304,0.0535013361364791,1.0,0.07099738268702141
440,500,898,18600,0.25,0.975925800230697,0.9903146064631245,0.047503038517396075,0.030303030303030304,0.05352005534830176,1.0,0.07099229665907664
441,500,955,18600,0.25,0.9759436828635283,0.9903146064631245,0.04750701807699651,0.030303030303030304,0.05350340762820576,1.0,0.07099611400001542
442,500,937,18602,0.25,0.9759398168841467,0.9903146064631245,0.04750603196433369,0.030303030303030304,0.053516066233967825,1.0,0.07099287994907172
443,500,914,18602,0.25,0.9759334862302645,0.9903146064631245,0.04750393479535449,0.030303030303030304,0.053537595152048464,1.0,0.07098714609318821
444,500,924,18602,0.25,0.9758828667949319,0.9903146064631245,0.047501504052364814,0.030303030303030304,0.053597935150116655,1.0,0.07097921626840309
445,500,928,18602,0.25,0.9758777121557565,0.9903146064631245,0.047500112487086237,0.030303030303030304,0.05361205666078989,1.0,0.07097538002384286
446,500,926,18603,0.25,0.9758777121557564,0.9903146064631245,0.04750012996750546,0.030303030303030304,0.053619117416126516,1.0,0.07097346077015126
447,500,913,18604,0.25,0.9758802894753441,0.9903146064631245,0.047500843305061886,0.030303030303030304,0.053631450931908305,1.0,0.07097025022758179
448,500,934,18605,0.25,0.975881578135138,0.9903146064631245,0.047501191177370956,0.030303030303030304,0.05363637704028269,1.0,0.07096896365784028
449,500,903,18606,0.25,0.9758556043183619,0.9903146064631245,0.04750165740949627,0.030303030303030304,0.05366471712125434,1.0,0.07096572741326829
450,500,908,18607,0.25,0.9758568929781557,0.9903146064631245,0.04750200594551553,0.030303030303030304,0.05366718017544153,1.0,0.07096508297845651
451,500,939,18607,0.25,0.9758594702977434,0.9903146064631245,0.04750270290500541,0.030303030303030304,0.053687067057397383,1.0,0.07095992403167924
452,500,931,18607,0.25,0.9758607589575372,0.9903146064631245,0.047503068807815456,0.030303030303030304,0.053689530111584574,1.0,0.07095927876837815
453,500,928,18607,0.25,0.9758659135967125,0.9903146064631245,0.047504514562496755,0.030303030303030304,0.05368363370913645,1.0,0.0709611420697645
454,500,942,18608,0.25,0.9758736455554754,0.9903146064631245,0.04750665584632697,0.030303030303030304,0.05367773730668833,1.0,0.07096300483228624
455,500,944,18608,0.25,0.9758334159397303,0.9903146064631245,0.047503031456093865,0.030303030303030304,0.05372991756576513,1.0,0.07095526319435172
456,500,899,18609,0.25,0.975834704599524,0.9903146064631245,0.04750338058395241,0.030303030303030304,0.05373730672832672,1.0,0.07095332254067675
457,500,929,18610,0.25,0.9758060729219232,0.9903146064631245,0.04750289096861021,0.030303030303030304,0.05376294606177004,1.0,0.07095126719517084
458,500,933,18610,0.25,0.9758216882907684,0.9903146064631245,0.04750490285063841,0.030303030303030304,0.05377628539824619,1.0,0.07094800805323909
459,500,936,18610,0.25,0.9758216882907684,0.9903146064631245,0.04750490285063841,0.030303030303030304,0.05377628539824619,1.0,0.07094800805323909
460,500,913,18610,0.25,0.9758306686387066,0.9903146064631245,0.047507513327405514,0.030303030303030304,0.053772629587262796,1.0,0.07094925998783755
461,500,924,18610,0.25,0.9758319572985004,0.9903146064631245,0.047507897451977366,0.030303030303030304,0.05377279379087528,1.0,0.07094925534166484
462,500,950,18611,0.25,0.9758409779170573,0.9903146064631245,0.0475103930156836,0.030303030303030304,0.053773452959498855,1.0,0.07094923783617808
463,500,917,18612,0.25,0.9758111381208996,0.9903146064631245,0.04750998300270115,0.030303030303030304,0.05380749104616851,1.0,0.07094465644201264
464,500,910,18612,0.25,0.975892847093306,0.9903146064631245,0.047513767913486334,0.030303030303030304,0.05373365539905701,1.0,0.07095322679353713
465,500,910,18613,0.25,0.975892847093306,0.9903146064631245,0.0475137853888817,0.030303030303030304,0.053736118453244205,1.0,0.07095257985205759
466,500,912,18613,0.25,0.9758940660821137,0.9903146064631245,0.04751356735907067,0.030303030303030304,0.05373858150743139,1.0,0.07095193281917576
467,500,918,18614,0.25,0.9758499295968206,0.9903146064631245,0.047510764525543335,0.030303030303030304,0.05378205724431042,1.0,0.07094501108204321
468,500,935,18614,0.25,0.9746250839769123,0.9903146064631245,0.052191314510972565,0.030303030303030304,0.05538953226497003,1.0,0.07557591734143582
469,500,914,18615,0.25,0.9765007225619097,0.9903146064631245,0.04752260806074306,0.030303030303030304,0.053113013381554594,1.0,0.07100707030665919
470,500,925,18616,0.25,0.9765084545206726,0.9903146064631245,0.04752469766423134,0.030303030303030304,0.05310275764472766,1.0,0.07101013877977486
471,500,930,18616,0.25,0.976520052458817,0.9903146064631245,0.047527759657759835,0.030303030303030304,0.05308985640525523,1.0,0.07101382835084781
472,500,933,18617,0.25,0.9765239184381983,0.9903146064631245,0.04752875053304282,0.030303030303030304,0.05309231945944243,1.0,0.07101320429127801
473,500,912,18618,0.25,0.9765213014675402,0.9922277706185567,0.04752807687512773,0.030303030303030304,0.05312897972168668,1.0,0.07100228740824091
474,500,937,18618,0.25,0.9765380540448598,0.9922277706185567,0.047532577401322884,0.030303030303030304,0.053128427888668214,1.0,0.07100286376439663
475,500,940,18618,0.25,0.976535476725272,0.9922277706185567,0.04753186526848602,0.03125,0.05314284795136414,1.0,0.07099860191024399
476,500,941,18620,0.25,0.9765200128077463,0.9922277706185567,0.047527746544964916,0.03125,0.05317862315132176,1.0,0.07098867942006461
477,500,932,18620,0.25,0.9734175460493115,0.9922277706185567,0.0537904498498433,0.03125,0.056705896273016636,1.0,0.07582066379620478
478,500,912,18620,0.25,0.9733245223848317,0.9922277706185567,0.053554845312685895,0.03125,0.05698699650739273,1.0,0.075851523167155
479,500,922,18620,0.25,0.9738869159352246,0.9928721005154639,0.051471668871167046,0.03125,0.05674801929237062,1.0,0.0758599812786094
480,500,929,18620,0.25,0.9748273402580022,0.9928721005154639,0.05103581866983889,0.03125,0.05564177850250914,1.0,0.07550878892186753
481,500,935,18620,0.25,0.9743669147299221,0.9928721005154639,0.05105455480133637,0.03125,0.05630124392852628,1.0,0.07568116256158813
482,500,942,18620,0.25,0.9746777152534964,0.9928721005154639,0.050978703745807936,0.030303030303030304,0.055913950111232465,1.0,0.07559521040433152
483,500,939,18620,0.25,0.9764521146862158,0.9928721005154639,0.04752131015134548,0.030303030303030304,0.05340129391983601,1.0,0.07094273935385474
484,500,938,18621,0.25,0.9737532513314647,0.9928721005154639,0.05336054869566143,0.030303030303030304,0.05653653349960666,1.0,0.07562544958267563
485,500,954,18621,0.25,0.9734574596392653,0.9928721005154639,0.05302392942935416,0.030303030303030304,0.05707289797609858,1.0,0.07579074105306151
486,500,927,18621,0.25,0.9712309188234446,0.9928721005154639,0.05790893971944001,0.030303030303030304,0.05976527743571942,1.0,0.07998668193518516
487,500,908,18621,0.25,0.9717985272218116,0.9928721005154639,0.057558398863234946,0.030303030303030304,0.05911354698226482,1.0,0.0797220927762963
488,500,921,18621,0.25,0.9707039765968568,0.9928721005154639,0.05668932450366803,0.030303030303030304,0.06057718136431745,1.0,0.08012321248899196
489,500,932,18623,0.25,0.9707975218080889,0.9935164304123711,0.05652524105431597,0.030303030303030304,0.060683589822341434,1.0,0.08018919932773465
490,500,895,18623,0.25,0.9709798276868106,0.9935164304123711,0.05656434031465601,0.030303030303030304,0.06063194447279802,1.0,0.08023689701387782
491,500,903,18624,0.25,0.9712266234973145,0.9935164304123711,0.056400085281122204,0.030303030303030304,0.060435644363181225,1.0,0.08022875712094746
492,500,941,18624,0.25,0.9726155097640762,0.9935164304123711,0.055036246371243415,0.030303030303030304,0.05839244471480916,1.0,0.07830955324973804
493,500,918,18625,0.25,0.9709357972005442,0.9935164304123711,0.05559855847936291,0.030303030303030304,0.060474498503762436,1.0,0.07991379948653567
494,500,903,18627,0.25,0.9707685901002991,0.9935164304123711,0.05481766522590525,0.030303030303030304,0.06095491549887998,1.0,0.07991463815942493
495,500,942,18627,0.25,0.9705870406333357,0.9935164304123711,0.05489814277761457,0.030303030303030304,0.061330822697683654,1.0,0.08013878878145493
496,500,948,18627,0.25,0.9707014283397016,0.9935164304123711,0.05486176883563909,0.030303030303030304,0.06127195299270525,1.0,0.08012905929869386
497,500,918,18627,0.25,0.9707119383515967,0.9935164304123711,0.054830205531320717,0.030303030303030304,0.061288966311442705,1.0,0.08012496030713256
498,500,933,18628,0.25,0.967449479298086,0.9935164304123711,0.061679312597515114,0.030303030303030304,0.06485445355176835,1.0,0.08415429298815182
499,500,919,18629,0.25,0.9679407687351309,0.9935164304123711,0.059218255062206626,0.030303030303030304,0.06473441186806474,1.0,0.08402813591635531
500,500,926,18630,0.25,0.9677268712601831,0.9935164304123711,0.059056805990310664,0.030303030303030304,0.06517116328242412,1.0,0.0841486880437668
501,500,906,18630,0.25,0.9677402890360284,0.9935164304123711,0.058973941107283795,0.030303030303030304,0.06522831323937123,1.0,0.08413516323376978
502,500,913,18631,0.25,0.9677180131884868,0.9935164304123711,0.05842504821075529,0.030303030303030304,0.06538559369005499,1.0,0.08411842904966621
503,500,949,18632,0.25,0.964571943093955,0.9935164304123711,0.061702147860328634,0.030303030303030304,0.06914996870628452,1.0,0.08775101258828255
504,500,910,18632,0.25,0.9647422343603562,0.9935164304123711,0.061576336046565636,0.029411764705882353,0.06911247521937926,1.0,0.08776578047630752
505,500,925,18632,0.25,0.9651268131353182,0.9935164304123711,0.06157352120810019,0.029411764705882353,0.06883241918575979,1.0,0.08783039729260537
506,500,962,18632,0.25,0.966940389628091,0.9935164304123711,0.05988478268632158,0.029411764705882353,0.06649283955462418,1.0,0.0862922049543584
507,500,936,18632,0.25,0.9677111923031864,0.9935164304123711,0.05732906272027137,0.029411764705882353,0.06561625433890397,1.0,0.08408034074460687
508,500,880,18632,0.25,0.9647426668048447,0.9935164304123711,0.06251943015212467,0.029411764705882353,0.06907827599184348,1.0,0.08773422931304929
509,500,912,18632,0.25,0.964596853766401,0.9935164304123711,0.06217187640869087,0.029411764705882353,0.06928118692168472,1.0,0.08770720042533259
510,500,900,18632,0.25,0.9646467935576022,0.9935164304123711,0.06056659154732043,0.029411764705882353,0.06954036861968128,1.0,0.08769443699351673
511,500,910,18632,0.25,0.964554386737618,0.9935164304123711,0.06049215111267573,0.029411764705882353,0.0696899047238651,1.0,0.0876698881184342
512,500,932,18632,0.25,0.9646628986509624,0.9935164304123711,0.060443886768188015,0.029411764705882353,0.06961350707240364,1.0,0.08766626514147596
513,500,932,18632,0.25,0.9649995323539219,0.9935164304123711,0.06001690850581781,0.029411764705882353,0.06936865848345852,1.0,0.08771359943257402
514,500,945,18632,0.25,0.9650832798081428,0.9935164304123711,0.060045806293974366,0.029411764705882353,0.06933034307583572,1.0,0.08773318335866603
515,500,920,18632,0.25,0.9655731736852066,0.9935164304123711,0.060076323928917666,0.029411764705882353,0.06873946833969449,1.0,0.08777955998486492
516,500,925,18633,0.25,0.9663751838931044,0.9935164304123711,0.05948478541923739,0.029411764705882353,0.0677404764409946,1.0,0.08742498226584353
517,500,903,18634,0.25,0.9677659936310468,0.9935164304123711,0.05687903592336635,0.029411764705882353,0.06580171449752464,1.0,0.084044491557856
518,500,945,18634,0.25,0.9678089815307116,0.9935164304123711,0.0568897555206899,0.029411764705882353,0.06578331587544954,1.0,0.08404701805019789
519,500,922,18634,0.25,0.9678099512359418,0.9935164304123711,0.05689710650610696,0.029411764705882353,0.0658095765543418,1.0,0.08404054237332033
520,500,903,18634,0.25,0.9680654265193569,0.9935164304123711,0.05691362521936156,0.029411764705882353,0.06561430612124791,1.0,0.08409573758318682
521,500,937,18634,0.25,0.968191132635084,0.9935164304123711,0.056928060518993295,0.029411764705882353,0.06546426441704586,1.0,0.08410842383522277
522,500,934,18634,0.25,0.9682883962043111,0.9935164304123711,0.056946550933992514,0.029411764705882353,0.065392130943472,1.0,0.08412684527942407
523,500,904,18634,0.25,0.968314290831591,0.9935164304123711,0.056953188440699784,0.029411764705882353,0.06537577142641121,1.0,0.08413225581725775
524,500,927,18635,0.25,0.9689393812292733,0.9935164304123711,0.05699781985986261,0.029411764705882353,0.06473279361553884,1.0,0.08421713642722685
525,500,913,18635,0.25,0.9694888270717683,0.9935164304123711,0.05682066408225339,0.029411764705882353,0.06393305603233351,1.0,0.0839894469527871
526,500,953,18635,0.25,0.9687703484901052,0.9935164304123711,0.056961076166335355,0.029411764705882353,0.06474812061144115,1.0,0.08409995278096151
527,500,935,18635,0.25,0.965373125022529,0.9935164304123711,0.060579471264569605,0.02857142857142857,0.06878152671214671,1.0,0.08786111608835223
528,500,898,18635,0.25,0.9621808446466549,0.9935164304123711,0.06360063047925926,0.02857142857142857,0.07261150353105025,1.0,0.0911082997085601
529,500,895,18635,0.25,0.9621884178884904,0.9935164304123711,0.06358202931372713,0.02857142857142857,0.0728424702856512,1.0,0.09123101265494835
530,500,897,18635,0.25,0.9633718287591919,0.9935164304123711,0.06344346390272823,0.02857142857142857,0.0718277722543972,1.0,0.09135298427993047
531,500,927,18636,0.25,0.965533562547311,0.9935164304123711,0.06031592530622021,0.02857142857142857,0.06901551296220917,1.0,0.08789091232481261
532,500,928,18636,0.25,0.9655361808697103,0.9935164304123711,0.06028593444639463,0.02857142857142857,0.06907768875425338,1.0,0.08785823284374374
533,500,937,18636,0.25,0.9658927810269627,0.9935164304123711,0.05967791802615567,0.02857142857142857,0.06887356952631413,1.0,0.08788662034913224
534,500,930,18636,0.25,0.9672314351322003,0.9935164304123711,0.05942034292055464,0.02857142857142857,0.06719266522879445,1.0,0.08760091782149111
535,500,935,18636,0.25,0.968590682617962,0.9935164304123711,0.056946435697530357,0.027777777777777776,0.06521782804697773,1.0,0.08422689521958561
536,500,908,18636,0.25,0.9687821709299078,0.9935164304123711,0.0569951683407883,0.027777777777777776,0.0650775002136855,1.0,0.08427017782426222
537,500,928,18636,0.25,0.9688900710114629,0.9935164304123711,0.057002326951435214,0.027777777777777776,0.06500192610090337,1.0,0.08429759484700114
538,500,941,18636,0.25,0.9693353571525125,0.9935164304123711,0.05707330189441747,0.027777777777777776,0.06458567943224602,1.0,0.08438557235367976
539,500,969,18636,0.25,0.9708248719225363,0.9935164304123711,0.05613513494272084,0.027777777777777776,0.06228049395087208,1.0,0.08266707985583219
540,500,917,18636,0.25,0.9714555059792013,0.9935164304123711,0.05420719149109643,0.027777777777777776,0.061479654643670466,1.0,0.08029702490552264
541,500,937,18636,0.25,0.9714448362365727,0.9935164304123711,0.054212501432648115,0.027777777777777776,0.06151198163872915,1.0,0.08029048693486014
542,500,906,18636,0.25,0.9714570841931909,0.9935164304123711,0.054224209596996475,0.027777777777777776,0.061501417687137155,1.0,0.08029827041802069
543,500,895,18636,0.25,0.9715402108040158,0.9935164304123711,0.054251574244889376,0.027777777777777776,0.06142552020803842,1.0,0.08032258646199042
544,500,927,18637,0.25,0.9715837873305819,0.9935164304123711,0.05426706823022299,0.027777777777777776,0.06138443656050315,1.0,0.08033667744290987
545,500,931,18637,0.25,0.9716363051735637,0.9935164304123711,0.05428552988841486,0.027777777777777776,0.06132322304283802,1.0,0.08035772001102194
546,500,950,18637,0.25,0.9717570439225723,0.9935164304123711,0.0543233352370263,0.027777777777777776,0.06121883888251163,1.0,0.0803911589002208
547,500,920,18638,0.25,0.9717433570939371,0.9935164304123711,0.05433311589002895,0.027777777777777776,0.06121531549379636,1.0,0.08039710882653023
548,500,929,18639,0.25,0.9718101505051007,0.9935164304123711,0.05434071144930559,0.027777777777777776,0.06117615523896036,1.0,0.08040977806264515
549,500,949,18640,0.25,0.9720184917048159,0.9935164304123711,0.054377058080767066,0.027777777777777776,0.06100012981901216,1.0,0.08045379584422566
550,500,946,18640,0.25,0.9724095027958511,0.9935164304123711,0.05441846116896656,0.027777777777777776,0.06061782055055193,1.0,0.08050434243291782
551,500,921,18640,0.25,0.9741684400007211,0.9935164304123711,0.05338494923126348,0.027777777777777776,0.057938353064632846,1.0,0.07856997936477325
552,500,915,18640,0.25,0.9748019190217001,0.9935164304123711,0.05132256632845399,0.030303030303030304,0.05715654064117692,1.0,0.07603993390264259
553,500,917,18640,0.25,0.9748044963412879,0.9935164304123711,0.051323457526917964,0.030303030303030304,0.057178876907061575,1.0,0.07603250811379501
554,500,911,18640,0.25,0.974795475722731,0.9935164304123711,0.05132038623589297,0.030303030303030304,0.05723711585943289,1.0,0.07601299389924232
555,500,953,18640,0.25,0.974813647402855,0.9935164304123711,0.051326253920306035,0.030303030303030304,0.057241551343303866,1.0,0.07601159518849974
556,500,916,18640,0.25,0.974823996951824,0.9935164304123711,0.05132986173728862,0.030303030303030304,0.05725764528366087,1.0,0.0760066542158435
557,500,945,18640,0.25,0.9729834197696634,0.9935164304123711,0.055353378951299013,0.030303030303030304,0.05960171607660543,1.0,0.08005984591391893
558,500,950,18640,0.25,0.9750065030571877,0.9935164304123711,0.051361787062987024,0.030303030303030304,0.05713706547877907,1.0,0.07603432909754755
559,500,933,18640,0.25,0.9755716602984645,0.9935164304123711,0.0514108154158008,0.030303030303030304,0.05661768988093147,1.0,0.07611306280811551
560,500,933,18640,0.25,0.9755775448778026,0.9935164304123711,0.051421141957847416,0.030303030303030304,0.05660785696840668,1.0,0.07611898390133863
561,500,918,18640,0.25,0.9756843882921202,0.9935164304123711,0.051444144878754726,0.030303030303030304,0.05650650303560114,1.0,0.07614537901792676
562,500,950,18640,0.25,0.9757602228232464,0.9935164304123711,0.0514586745619605,0.030303030303030304,0.05642994915398695,1.0,0.07616029191096606
563,500,890,18640,0.25,0.9760504434837071,0.9935164304123711,0.051485902401663494,0.030303030303030304,0.05619763165045801,1.0,0.07620042942908703
564,500,953,18640,0.25,0.9760401342053566,0.9935164304123711,0.051482645872677646,0.030303030303030304,0.05622107635091885,1.0,0.07619319556082071
565,500,953,18640,0.25,0.976037556885769,0.9935164304123711,0.051481835417787385,0.030303030303030304,0.05623789133052581,1.0,0.07618794711568601
566,500,909,18640,0.25,0.976022092968243,0.9935164304123711,0.05147690519072963,0.030303030303030304,0.056307746725409016,1.0,0.07616621215529674
567,500,911,18640,0.25,0.975908116472767,0.9935164304123711,0.05147236234389559,0.030303030303030304,0.05645144342544609,1.0,0.07614035745685034
568,500,938,18640,0.25,0.975855079561225,0.9935164304123711,0.051465075463933356,0.030303030303030304,0.05650793639484229,1.0,0.07612708518605166
569,500,922,18640,0.25,0.9758615228601941,0.9935164304123711,0.051467197438537136,0.030303030303030304,0.05651937671573756,1.0,0.07612366579456524
570,500,900,18641,0.25,0.9758653888395755,0.9935164304123711,0.051468466967595786,0.030303030303030304,0.05653027771684991,1.0,0.07612030127196147
571,500,903,18641,0.25,0.9758795640973075,0.9935164304123711,0.0514731245324473,0.030303030303030304,0.05655249684921921,1.0,0.07611352568239177
572,500,938,18641,0.25,0.9758406627924268,0.9935164304123711,0.051470797366005565,0.030303030303030304,0.056623653513590555,1.0,0.07609829212604358
573,500,931,18641,0.25,0.9758998240483745,0.9935164304123711,0.05148613942092232,0.030303030303030304,0.05657713336707041,1.0,0.07611086119327068
574,500,919,18641,0.25,0.975902401367962,0.9935164304123711,0.0514870373368039,0.030303030303030304,0.056592335443451575,1.0,0.07610614311835688
575,500,951,18641,0.25,0.9759049786875498,0.9935164304123711,0.05148791898147573,0.030303030303030304,0.05661198690804186,1.0,0.07610006297717874
576,500,925,18641,0.25,0.9759335305561064,0.9935164304123711,0.05149653350800356,0.030303030303030304,0.056590772860687664,1.0,0.07610625904979154
577,500,944,18641,0.25,0.9759514924910787,0.9935164304123711,0.05149970446543131,0.030303030303030304,0.056591368098782895,1.0,0.07610620866391714
578,500,915,18641,0.25,0.9759566867813244,0.9935164304123711,0.05150155292946789,0.030303030303030304,0.056597234110989283,1.0,0.07610474862744034
579,500,929,18641,0.25,0.9759268060950005,0.9935164304123711,0.0515015014453367,0.030303030303030304,0.05663152952694853,1.0,0.0760991811161066
580,500,953,18642,0.25,0.9759393731188273,0.9935164304123711,0.051511615561892585,0.030303030303030304,0.0566126237015911,1.0,0.0761063115973262
581,500,908,18642,0.25,0.9761415093202546,0.9935164304123711,0.05153204551520524,0.030303030303030304,0.05645143318358306,1.0,0.07613388202672011
582,500,939,18642,0.25,0.9763280826454475,0.9935164304123711,0.05154955858633615,0.030303030303030304,0.05629840833373133,1.0,0.07615915316188585
583,500,940,18642,0.25,0.9763783825066686,0.9935164304123711,0.05156002533392767,0.030303030303030304,0.05628124002804015,1.0,0.07616265101491194
584,500,933,18642,0.25,0.9765310493227779,0.9935164304123711,0.05157556415835492,0.030303030303030304,0.056147116045961135,1.0,0.07618630681813347
585,500,922,18642,0.25,0.9766330974357474,0.9935164304123711,0.051588861088602576,0.030303030303030304,0.05604240537729885,1.0,0.07620534131842269
586,500,943,18643,0.25,0.9767935774840496,0.9935164304123711,0.05160629953611619,0.030303030303030304,0.05591307229998191,1.0,0.07623012605055958
587,500,959,18643,0.25,0.9771111229701357,0.9935164304123711,0.05159526327342903,0.030303030303030304,0.055551281551748204,1.0,0.07624229810543215
588,500,924,18643,0.25,0.9777604583641231,0.9935164304123711,0.05146161467566387,0.030303030303030304,0.0546365547910537,1.0,0.07603711230378654
589,500,940,18643,0.25,0.9794820490479238,0.9935164304123711,0.04821201497645405,0.03125,0.05205276352207055,1.0,0.07130198684488191
590,500,923,18643,0.25,0.9795248163321861,0.9935164304123711,0.048213835142900494,0.03125,0.05203309086991736,1.0,0.07130429131074953
591,500,923,18643,0.25,0.9795196616930107,0.9935164304123711,0.048212493971676394,0.03125,0.05204673764675936,1.0,0.07130078883861128
592,500,928,18643,0.25,0.9795196616930106,0.9935164304123711,0.04821251119380734,0.03125,0.052059937498446424,1.0,0.07129729533116166
593,500,938,18643,0.25,0.9795235276723923,0.9935164304123711,0.0482136419846892,0.03125,0.05206048903719318,1.0,0.07129727053914803
594,500,932,18643,0.25,0.9795196616930107,0.9935164304123711,0.048212562321972297,0.03125,0.05208058742693839,1.0,0.07129201759363692
595,500,950,18643,0.25,0.9795195817713216,0.9935164304123711,0.04821197490220825,0.03125,0.05209620663346416,1.0,0.07128792133535254
596,500,940,18643,0.25,0.9795054065135897,0.9935164304123711,0.04820827927793062,0.03125,0.052134415092598654,1.0,0.0712779696450972
597,500,905,18643,0.25,0.9795015405342082,0.9935164304123711,0.048207233028171564,0.03125,0.05216743061248847,1.0,0.07126919108451493
598,500,929,18643,0.25,0.9794822502883715,0.9935164304123711,0.04820253756960809,0.03125,0.05221362642631499,1.0,0.07125744727513372
599,500,941,18643,0.25,0.9794770956491964,0.9935164304123711,0.048201139853474836,0.03125,0.05223803979566718,1.0,0.07125097731791741
600,500,909,18643,0.25,0.977449148572111,0.9935164304123711,0.0527196789752715,0.03125,0.05473402144194082,1.0,0.07600277969230732
601,500,929,18643,0.25,0.9795501923978086,0.9935164304123711,0.048218331786599455,0.03125,0.05217166975488112,1.0,0.07126689113466231
602,500,925,18643,0.25,0.9768460804015574,0.9935164304123711,0.05490304305775043,0.03125,0.05518252328401282,1.0,0.07612518589364634
603,500,928,18643,0.25,0.9795229274430468,0.9935164304123711,0.04822438670193848,0.03125,0.0522037397591086,1.0,0.0712669784001496
604,500,887,18643,0.25,0.979521638783253,0.9935164304123711,0.048224055791672216,0.03125,0.052212341909646236,1.0,0.07126463523033427
605,500,937,18643,0.25,0.9794437855395252,0.9935164304123711,0.04823389500585794,0.03125,0.052312572935572475,1.0,0.07126461166158854
606,500,911,18643,0.25,0.9794437855395252,0.9935164304123711,0.048233912220347536,0.03125,0.052312707344174626,1.0,0.07126460432119346
607,500,976,18643,0.25,0.9793997295954692,0.9935164304123711,0.04823113272809347,0.03125,0.05236339329152353,1.0,0.07125488962841411
608,500,950,18643,0.25,0.9776807483914284,0.9935164304123711,0.05272442898778762,0.03125,0.05461074056790307,1.0,0.07583888016204267
609,500,930,18643,0.25,0.9794512766067697,0.9935164304123711,0.04824364117711216,0.03125,0.05231748880668689,1.0,0.07126618143362135
610,500,943,18643,0.25,0.9794512766067697,0.9935164304123711,0.04824367559912989,0.03125,0.0523314322094095,1.0,0.07126261307682968
611,500,927,18643,0.25,0.9794448729588712,0.9935164304123711,0.04824256881843786,0.03125,0.05233982080357396,1.0,0.07126082470316283
612,500,954,18643,0.25,0.9794500275980464,0.9935164304123711,0.04824402040980652,0.03125,0.05234737652392167,1.0,0.07125903630054961
613,500,925,18643,0.25,0.9794590884872217,0.9935164304123711,0.04824633972996599,0.03125,0.05235243505456418,1.0,0.07125783542915573
614,500,921,18643,0.25,0.9794240531617224,0.9935164304123711,0.04824663557349767,0.03125,0.052383752258865254,1.0,0.07125341256949
615,500,942,18643,0.25,0.979383863197048,0.9935164304123711,0.04824546516112942,0.03125,0.05241922023916082,1.0,0.07124684045900168
616,500,959,18643,0.25,0.9793877291764295,0.9935164304123711,0.04824652001125667,0.03125,0.05242611679088496,1.0,0.07124504825801203
617,500,920,18643,0.25,0.9793954214841217,0.9935164304123711,0.048248401843769925,0.03125,0.05242611679088496,1.0,0.07124504825801203
618,500,929,18643,0.25,0.9794057307624721,0.9935164304123711,0.048251245813753896,0.03125,0.05242626510382526,1.0,0.07124504328452473
619,500,916,18643,0.25,0.9794121740614413,0.9935164304123711,0.04825303499712595,0.03125,0.05242641341676557,1.0,0.07124503831072833
620,500,941,18643,0.25,0.9794173287006165,0.9935164304123711,0.04825447255946281,0.03125,0.052431606356010234,1.0,0.07124382402467457
621,500,926,18643,0.25,0.979377138735942,0.9935164304123711,0.04825327952883656,0.03125,0.05246017778458166,1.0,0.07123902356651557
622,500,947,18643,0.25,0.9793408147506488,0.9935164304123711,0.048253716947077724,0.03125,0.052498257132004726,1.0,0.07123276035783319
623,500,906,18643,0.25,0.9793433920702367,0.9935164304123711,0.048254439603644915,0.03125,0.05250055598257943,1.0,0.07123216036788849
624,500,917,18643,0.25,0.9793370286929567,0.9935164304123711,0.04825265185071873,0.03125,0.052508661855201436,1.0,0.07123036417303032
625,500,935,18643,0.25,0.9793319137048521,0.9935164304123711,0.04825222624628399,0.03125,0.05252904005319921,1.0,0.07122558963175987
626,500,923,18644,0.25,0.9793396456636149,0.9935164304123711,0.04825437805658104,0.03125,0.05252703782850512,1.0,0.07122618022741418
627,500,933,18644,0.25,0.9793486662821715,0.9935164304123711,0.04825689828574322,0.03125,0.05252778137954065,1.0,0.07122615516384827
628,500,930,18644,0.25,0.979264420373441,0.9935164304123711,0.048252763556340714,0.03125,0.05259920995096922,1.0,0.07121283840371219
629,500,921,18644,0.25,0.9794535307476031,0.9935164304123711,0.04826490971212596,0.03125,0.052478160107227494,1.0,0.07123303436590642
630,500,929,18644,0.25,0.9795737285749047,0.9935164304123711,0.04828385245708595,0.03125,0.05240075810310135,1.0,0.07126068310655115
631,500,933,18645,0.25,0.9795711512553169,0.9935164304123711,0.04828312533900465,0.03125,0.05241527423213361,1.0,0.0712565699839783
632,500,928,18645,0.25,0.9795711512553169,0.9941607603092784,0.04828314253594206,0.03125,0.05242792254507392,1.0,0.0712530336917535
633,500,935,18645,0.25,0.9795685739357293,0.9941607603092784,0.04828241526959201,0.03125,0.052438272007439515,1.0,0.07125009288724689
634,500,947,18645,0.25,0.9795065164056305,0.9941607603092784,0.04827582023041534,0.03125,0.05251304454672818,1.0,0.07123379897524973
635,500,939,18645,0.25,0.9795052277458367,0.9941607603092784,0.048275454835298826,0.03125,0.05252152619300182,1.0,0.07123142766439271
636,500,948,18645,0.25,0.9796841591720136,0.9941607603092784,0.048282474907479646,0.03125,0.05241802097556445,1.0,0.07124770391299359
637,500,928,18645,0.25,0.9796790045328383,0.9941607603092784,0.04828103227122209,0.03125,0.0524522163778633,1.0,0.07123824403015076
638,500,929,18645,0.25,0.9797514122314542,0.9941607603092784,0.048288426722580935,0.03125,0.05239790466806772,1.0,0.07124800228811312
639,500,915,18645,0.25,0.9800064972559657,0.9941607603092784,0.048302063836936276,0.03125,0.052185191613326534,1.0,0.07127780653075154
640,500,940,18645,0.25,0.9803864014287903,0.9941607603092784,0.04826247414156458,0.03125,0.05174207419649436,1.0,0.07124491984913782
641,500,954,18645,0.25,0.9804329548833898,0.9941607603092784,0.04826578835881413,0.03125,0.0516880154012591,1.0,0.07125035699087197
642,500,937,18645,0.25,0.9805944333050969,0.9941607603092784,0.04827579285964946,0.03125,0.05155967448929749,1.0,0.07126621874293146
643,500,963,18645,0.25,0.9810380947660587,0.9941607603092784,0.048165895964844586,0.03125,0.05091896741859043,1.0,0.07110036878060247
644,500,937,18645,0.25,0.9821670919769663,0.9941607603092784,0.0469749210464481,0.03125,0.04906673477914978,1.0,0.06876038882176884
645,500,929,18645,0.25,0.9827818590156622,0.9941607603092784,0.045060624122571315,0.03125,0.048148943847426705,1.0,0.06573031793162555
646,500,953,18645,0.25,0.9799770253023393,0.9941607603092784,0.052161922748388045,0.03125,0.05134586011530205,1.0,0.07102498510131781
647,500,960,18646,0.25,0.9801703224690903,0.9941607603092784,0.049594602572625324,0.03125,0.05149186401393752,1.0,0.07102844270181434
648,500,949,18646,0.25,0.9801075940811766,0.9941607603092784,0.04910364506422401,0.03125,0.05177901134936072,1.0,0.07122040453923996
649,500,899,18646,0.25,0.9800118212570291,0.9941607603092784,0.0490511052196145,0.03125,0.05188656706970844,1.0,0.07121123992101726
650,500,911,18646,0.25,0.9799260169035219,0.9941607603092784,0.049048237822150835,0.03125,0.05195472325135787,1.0,0.07120085238479334
651,500,932,18646,0.25,0.9797620281297312,0.9941607603092784,0.049071296098480335,0.03125,0.052146065242699866,1.0,0.07121749146774582
652,500,920,18646,0.25,0.9797686516608392,0.9941607603092784,0.049071554037374204,0.03125,0.052150662943849284,1.0,0.0712163138887103
653,500,896,18646,0.25,0.9798890631758707,0.9941607603092784,0.04899474461122687,0.03125,0.05203795859221279,1.0,0.07119950781353884
654,500,922,18646,0.25,0.9798462958916085,0.9941607603092784,0.048993901652909566,0.03125,0.05207455285874676,1.0,0.07119516641881113
655,500,957,18646,0.25,0.9798943380073536,0.9941607603092784,0.0489951190162425,0.03125,0.052050579131324756,1.0,0.07119864368011641
656,500,911,18646,0.25,0.9799655895731203,0.9941607603092784,0.04852069709911644,0.03125,0.05206255010436358,1.0,0.07119570818631804
657,500,913,18647,0.25,0.9799489552168194,0.9941607603092784,0.04850435191841981,0.03125,0.05208528712295106,1.0,0.07119122200320127
658,500,920,18647,0.25,0.9800423022853437,0.9941607603092784,0.048506091091643,0.03125,0.05201811920315157,1.0,0.07119982848280924
659,500,954,18647,0.25,0.9800527623954653,0.9941607603092784,0.04849464374848382,0.03125,0.0520276271220032,1.0,0.07119748419762316
660,500,944,18647,0.25,0.9799877969887716,0.9941607603092784,0.04848471771836339,0.03125,0.052132703897491535,1.0,0.07119075657762844
661,500,922,18647,0.25,0.979917926958673,0.9941607603092784,0.04847951163358332,0.03125,0.05219338784123396,1.0,0.07118015084665917
662,500,925,18647,0.25,0.9799232024097039,0.9941607603092784,0.04846948526474952,0.03125,0.05219338784123396,1.0,0.07118015084665917
663,500,892,18647,0.25,0.9799244910694976,0.9941607603092784,0.048469838084523084,0.03125,0.05219813385532368,1.0,0.07117896509037382
664,500,932,18647,0.25,0.9799244910694976,0.9941607603092784,0.04846985521521545,0.03125,0.0522027315564731,1.0,0.07117778351059884
665,500,922,18647,0.25,0.9799284580915221,0.9941607603092784,0.0484682915118678,0.03125,0.052214374122286966,1.0,0.07117482363911364
666,500,920,18647,0.25,0.9799868491366882,0.9941607603092784,0.048276241116527334,0.03125,0.052210073047018156,1.0,0.0711759969647561
667,500,954,18647,0.25,0.9799868491366882,0.9941607603092784,0.048276430309477,0.03125,0.052224689522702476,1.0,0.07117244464891109
668,500,915,18647,0.25,0.9799440818524261,0.9941607603092784,0.04827507342343047,0.03125,0.05226047001955083,1.0,0.07116689444898343
669,500,926,18647,0.25,0.9799440818524261,0.9941607603092784,0.04827507342343047,0.03125,0.05226047001955083,1.0,0.07116689444898343
670,500,934,18647,0.25,0.979949356683909,0.9941607603092784,0.04827449237883699,0.03125,0.05226767908782774,1.0,0.0711651098115451
671,500,919,18647,0.25,0.9799534233968353,0.9941607603092784,0.04827340561827155,0.03125,0.05226567686313365,1.0,0.07116569355580497
672,500,908,18647,0.25,0.9799534233968352,0.9941607603092784,0.04827342281867151,0.03125,0.05227027456428307,1.0,0.07116450739194807
673,500,918,18647,0.25,0.9799482687576602,0.9941607603092784,0.04827212907094441,0.03125,0.0522799808222652,1.0,0.07116213516788589
674,500,957,18647,0.25,0.9799495574174538,0.9941607603092784,0.04827249986474809,0.03125,0.05228687737398933,1.0,0.07116035432803978
675,500,926,18647,0.25,0.9799572893762166,0.9941607603092784,0.04827387674271859,0.03125,0.052289324537504345,1.0,0.07115975586228969
676,500,931,18647,0.25,0.9798211640405343,0.9941607603092784,0.048279263525973976,0.03125,0.052436664987845515,1.0,0.07115687793010395
677,500,977,18647,0.25,0.9797343408122162,0.9941607603092784,0.04827642996079298,0.03125,0.0525079293556616,1.0,0.07114555376316632
678,500,944,18647,0.25,0.9796371277643107,0.9941607603092784,0.048275287467508525,0.03125,0.052604566994383165,1.0,0.07113390774485508
679,500,947,18647,0.25,0.9797082864542032,0.9941607603092784,0.0482743423831388,0.03125,0.05254743161520368,1.0,0.07114034756478901
680,500,958,18647,0.25,0.9796667975790319,0.9941607603092784,0.04827370703133254,0.03125,0.052592024372588426,1.0,0.0711352658880453
681,500,953,18647,0.25,0.9796822614965577,0.9941607603092784,0.04827796893131827,0.03125,0.052576229044446046,1.0,0.07113947997551591
682,500,929,18647,0.25,0.9796823017671762,0.9941607603092784,0.04827796915879528,0.03125,0.052576229044446046,1.0,0.07113947997551591
683,500,923,18647,0.25,0.979517635545833,0.9941607603092784,0.048289554325137575,0.03125,0.05274440243575626,1.0,0.07114716533965275
684,500,952,18647,0.25,0.9794787342409524,0.9941607603092784,0.04828881168388339,0.03125,0.05276837616317826,1.0,0.07114345175995017
685,500,948,18647,0.25,0.9794838888801276,0.9941607603092784,0.0482902410763523,0.03125,0.05276607731260355,1.0,0.07114406115198527
686,500,927,18647,0.25,0.9794801022028874,0.9941607603092784,0.04828989779699236,0.03125,0.052766345416764865,1.0,0.07114466455156082
687,500,947,18647,0.25,0.9795383334046753,0.9941607603092784,0.0482954181891649,0.03125,0.05274367178174418,1.0,0.07114931318528953
688,500,943,18647,0.25,0.9795460653634381,0.9941607603092784,0.04829755222118449,0.03125,0.052737087746572826,1.0,0.07115113070737224
689,500,921,18647,0.25,0.979553797322201,0.9941607603092784,0.04829968492116065,0.03125,0.05272804065721428,1.0,0.07115355788309527
690,500,922,18647,0.25,0.9795615292809638,0.9941607603092784,0.0483018162892698,0.03125,0.052716843030221325,1.0,0.07115658592972128
691,500,935,18647,0.25,0.9795705498995205,0.9941607603092784,0.04830429260759891,0.03125,0.05270779594086278,1.0,0.07115901034547709
692,500,939,18647,0.25,0.9795847251572525,0.9941607603092784,0.04830816802811858,0.03125,0.052701524422244204,1.0,0.07116081658740203
693,500,940,18647,0.25,0.9795405886719595,0.9941607603092784,0.04831138298565812,0.03125,0.052745920779229724,1.0,0.07115787147699618
694,500,944,18648,0.25,0.9796157738041599,0.9941607603092784,0.048310151779428975,0.03125,0.052668082035278306,1.0,0.0711636673453795
695,500,962,18648,0.25,0.9796170624639537,0.9941607603092784,0.04831053115054118,0.03125,0.05267683249875623,1.0,0.07116125914138455
696,500,918,18648,0.25,0.9795616994876902,0.9941607603092784,0.048305508942447895,0.03125,0.052740154875889275,1.0,0.07114933118723282
697,500,941,18648,0.25,0.979556544848515,0.9941607603092784,0.048304053926159524,0.03125,0.05275305810169573,1.0,0.07114571291553591
698,500,901,18648,0.25,0.9795462355701643,0.9941607603092784,0.04830121087385473,0.03125,0.052779770321622635,1.0,0.07113843787219618
699,500,914,18648,0.25,0.9794944476673456,0.9941607603092784,0.048297511615809204,0.03125,0.05283075289485215,1.0,0.07112836147047207
700,500,907,18648,0.25,0.9794880043683766,0.9941607603092784,0.048295717864086894,0.03125,0.052843952746539205,1.0,0.07112471399053073
701,500,961,18648,0.25,0.9794544583235708,0.9941607603092784,0.04828984152559771,0.03125,0.05288604460383637,1.0,0.07111450848222908
702,500,903,18648,0.25,0.979446726364808,0.9941607603092784,0.04828769248444068,0.03125,0.052908590157096605,1.0,0.0711083884899171
703,500,937,18648,0.25,0.9794338097469543,0.9941607603092784,0.04828308711281978,0.03125,0.0529357973420346,1.0,0.07110104419496019
704,500,921,18648,0.25,0.9794260777881912,0.9941607603092784,0.048280934464246084,0.03125,0.05295131193496855,1.0,0.07109676344426716
705,500,925,18648,0.25,0.9794157685098408,0.9941607603092784,0.04827802779308067,0.03125,0.05298263774671705,1.0,0.07108817872147898
706,500,935,18648,0.25,0.9794377166165021,0.9941607603092784,0.04828033645775889,0.03125,0.05297339720569724,1.0,0.07108927287110611
707,500,929,18648,0.25,0.9794388959542392,0.9941607603092784,0.048280263061229955,0.03125,0.05298229598211547,1.0,0.07108681841932249
708,500,972,18648,0.25,0.979415649556629,0.9941607603092784,0.04827374570334445,0.03125,0.05302618178115145,1.0,0.0710751755935884
709,500,929,18648,0.25,0.9794053402782785,0.9941607603092784,0.04827081917080613,0.03125,0.053050446837563325,1.0,0.07106841620358839
710,500,898,18648,0.25,0.9793599956744288,0.9941607603092784,0.04826825989021079,0.03125,0.053107450024061274,1.0,0.07105797448240078
711,500,907,18648,0.25,0.9793599956744288,0.9941607603092784,0.048268277092444425,0.03125,0.0531120477252107,1.0,0.0710567320537509
712,500,944,18648,0.25,0.9793185170499603,0.9941607603092784,0.048266717826046,0.03125,0.05315474066445536,1.0,0.07104886137515332
713,500,949,18648,0.25,0.9792719637080061,0.9941607603092784,0.04826396909263297,0.03125,0.05320269676159477,1.0,0.07104082456867798
714,500,918,18648,0.25,0.9791681461660119,0.9941607603092784,0.04829329813551867,0.03125,0.053372373827823553,1.0,0.07107850547377331
715,500,928,18648,0.25,0.9791241407432774,0.9941607603092784,0.04829104921933016,0.03125,0.05341030486230631,1.0,0.07107174641740113
716,500,917,18648,0.25,0.9791267180628649,0.9941607603092784,0.04829180007493278,0.03125,0.05341506676706822,1.0,0.07107048082544157
717,500,930,18648,0.25,0.979134439770925,0.9941607603092784,0.04829179119392021,0.03125,0.0534152309706807,1.0,0.0710704770133187
718,500,952,18648,0.25,0.9791370170905125,0.9941607603092784,0.048292524294748396,0.03125,0.053412932120105984,1.0,0.07107110795409632
719,500,937,18648,0.25,0.9790617514170752,0.9941607603092784,0.04830561069890016,0.03125,0.053508334418956555,1.0,0.07107922846895366
720,500,960,18648,0.25,0.9790669060562505,0.9941607603092784,0.0483070840887376,0.03125,0.05350373671780713,1.0,0.07108049613740927
721,500,917,18648,0.25,0.979075926674807,0.9941607603092784,0.04830966968313356,0.03125,0.05349913901665772,1.0,0.07108176348586946
722,500,934,18648,0.25,0.9790823699737763,0.9941607603092784,0.048310118205549014,0.03125,0.05349913901665772,1.0,0.07108176348586945
723,500,942,18648,0.25,0.9790888132727452,0.9941607603092784,0.04831194833484933,0.03125,0.053494541315508286,1.0,0.07108303051435133
724,500,945,18648,0.25,0.979095296842333,0.9941607603092784,0.048311505148111306,0.03125,0.053494705519120764,1.0,0.07108302651931324
725,500,919,18648,0.25,0.9790953761444742,0.9941607603092784,0.04831294053166549,0.03125,0.05350004213652634,1.0,0.07108243927908596
726,500,921,18648,0.25,0.9790992421238555,0.9941607603092784,0.0483140341786229,0.03125,0.05350004213652634,1.0,0.07108243927908596
727,500,943,18648,0.25,0.979103108103237,0.9941607603092784,0.04831512749148495,0.03125,0.05349774328595164,1.0,0.07108307285650706
728,500,916,18648,0.25,0.9791070840242232,0.9941607603092784,0.04831522238393925,0.03125,0.05349774328595164,1.0,0.07108307285650706
729,500,911,18648,0.25,0.9791019690361186,0.9941607603092784,0.04831417359969677,0.03125,0.053503401995058625,1.0,0.07108180018755672
730,500,941,18648,0.25,0.9791486923595091,0.9941607603092784,0.04831686818360271,0.03125,0.05347729362067438,1.0,0.07108639380296816
731,500,932,18648,0.25,0.9791525583388905,0.9941607603092784,0.048317957475764214,0.03125,0.05347499477009967,1.0,0.07108702660949001
732,500,935,18648,0.25,0.9791577129780658,0.9941607603092784,0.048319420801977694,0.03125,0.053472695919524964,1.0,0.07108765933603794
733,500,878,18648,0.25,0.979156424318272,0.9941607603092784,0.048319183907106704,0.03125,0.053475505625782946,1.0,0.07108701907327553
734,500,938,18648,0.25,0.9791641562770349,0.9941607603092784,0.04832139518262279,0.03125,0.053475669829395424,1.0,0.07108701512243207
735,500,931,18648,0.25,0.9791252549721542,0.9941607603092784,0.04832156055632272,0.03125,0.053513053518503245,1.0,0.07108326108080051
736,500,931,18648,0.25,0.9791355642505046,0.9941607603092784,0.04832440630997051,0.03125,0.05350106665479224,1.0,0.07108644226615268
737,500,951,18648,0.25,0.9791420075494738,0.9941607603092784,0.048326177260990755,0.03125,0.05349384169584315,1.0,0.07108835073744316
738,500,922,18648,0.25,0.9791613374463809,0.9941607603092784,0.048331553289672854,0.03125,0.05347046320651638,1.0,0.07109467620294956
739,500,925,18648,0.25,0.9791755127041128,0.9941607603092784,0.04833542628528708,0.03125,0.053460610989767614,1.0,0.07109722143675158
740,500,921,18648,0.25,0.9791896879618448,0.9941607603092784,0.048339329167672786,0.03125,0.053443862221294706,1.0,0.071101660463137
741,500,983,18648,0.25,0.9793048220545564,0.9941607603092784,0.04834976834079187,0.03125,0.05336583305059312,1.0,0.07111522490693965
742,500,953,18648,0.25,0.9793035333947625,0.9941607603092784,0.04834939812875684,0.03125,0.05337243297643666,1.0,0.07111335149973784
743,500,941,18648,0.25,0.9793086880339378,0.9941607603092784,0.04835086158096938,0.03125,0.053375044343564146,1.0,0.07111271156472958
744,500,950,18648,0.25,0.9793112653535254,0.9941607603092784,0.04835158449809903,0.03125,0.053379657935385766,1.0,0.07111145603459837
745,500,923,18648,0.25,0.9793720738749009,0.9941607603092784,0.04835779752511875,0.03125,0.05332954169806151,1.0,0.07112134172717863
746,500,920,18648,0.25,0.9794379577333105,0.9941607603092784,0.04836414573800809,0.03125,0.053271645188440866,1.0,0.07113001089808262
747,500,952,18648,0.25,0.9794768789200491,0.9941607603092784,0.04835336811622236,0.03125,0.05324440866211178,1.0,0.07113084656094806
748,500,924,18648,0.25,0.9797155222676809,0.9941607603092784,0.04832051182060861,0.03125,0.052970517036496016,1.0,0.07111630908209161
749,500,924,18648,0.25,0.9797220857589575,0.9941607603092784,0.048320570954995444,0.03125,0.05297074000193638,1.0,0.07111553990110155
750,500,923,18648,0.25,0.9797657818582837,0.9941607603092784,0.04832892211766654,0.03125,0.05294018984966209,1.0,0.07112220916202715
751,500,926,18648,0.25,0.9798551421355707,0.9941607603092784,0.04833162144207942,0.03125,0.052867559925308026,1.0,0.07113154043465032
752,500,901,18648,0.25,0.9799626249234014,0.9941607603092784,0.04832885682556177,0.03125,0.0527701827897,1.0,0.07113611339207195
753,500,926,18648,0.25,0.9800997582636437,0.9941607603092784,0.048331515445081866,0.03125,0.05264122434111681,1.0,0.07114811057376719
754,500,958,18648,0.25,0.980353706417616,0.9941607603092784,0.04828379345789232,0.03125,0.052326620171340224,1.0,0.0710896605929871
755,500,903,18648,0.25,0.9805871951260724,0.9941607603092784,0.04824392098388581,0.03125,0.05204403838531016,1.0,0.0710458516597787
756,500,912,18648,0.25,0.9805871951260724,0.9941607603092784,0.04824392098388581,0.03125,0.05204403838531016,1.0,0.0710458516597787
757,500,924,18648,0.25,0.9819187814843019,0.9941607603092784,0.04701220026736877,0.03125,0.04989175777958128,1.0,0.06862055657555018
758,500,940,18648,0.25,0.9825322598632039,0.9941607603092784,0.04510251056781529,0.03225806451612903,0.04896675777958128,1.0,0.06559714420839657
759,500,945,18648,0.25,0.9825309712034102,0.9941607603092784,0.0451022059157129,0.03225806451612903,0.04896905663015599,1.0,0.06559661643374526
760,500,948,18648,0.25,0.9825271052240286,0.9941607603092784,0.04510129172613653,0.03225806451612903,0.04897595318188013,1.0,0.06559503260091801
761,500,953,18648,0.25,0.9825206619250596,0.9941607603092784,0.04509982253154672,0.03225806451612903,0.04899025714101168,1.0,0.06559188941047056
762,500,907,18648,0.25,0.9825193732652658,0.9941607603092784,0.045099517529890436,0.03225806451612903,0.04899255599158638,1.0,0.06559136076992976
763,500,916,18648,0.25,0.9791137233819661,0.9941607603092784,0.05357076121676311,0.03225806451612903,0.0524935224688872,1.0,0.07103989320588354
764,500,924,18648,0.25,0.9795266722726372,0.9941607603092784,0.051484429500330116,0.03225806451612903,0.0523967737004143,1.0,0.07095897567211669
765,500,898,18648,0.25,0.9798096533460098,0.9941607603092784,0.050550077965796615,0.03225806451612903,0.0522958213194619,1.0,0.07076396893532598
766,500,898,18648,0.25,0.9799373620660913,0.9941607603092784,0.049585060019439145,0.03225806451612903,0.0522958213194619,1.0,0.07076396893532598
767,500,898,18648,0.25,0.9798682096415184,0.9941607603092784,0.04955337974790451,0.03225806451612903,0.05240011447203092,1.0,0.07076320195304037
768,500,924,18648,0.25,0.9797806562477471,0.9941607603092784,0.04962575878974503,0.03225806451612903,0.05265601387275791,1.0,0.07105909810627067
769,500,896,18648,0.25,0.9797909961655614,0.9941607603092784,0.04961027927152774,0.03225806451612903,0.0526717837350795,1.0,0.07105553220868958
770,500,932,18648,0.25,0.9797288983648441,0.9941607603092784,0.04961178041491441,0.03225806451612903,0.052732123733147694,1.0,0.07104834533752119
771,500,883,18648,0.25,0.979638338867962,0.9941607603092784,0.04961752759972536,0.03225806451612903,0.05281095971198367,1.0,0.07104268794015507
772,500,947,18648,0.25,0.9796738734928089,0.9941607603092784,0.04959885001217809,0.03225806451612903,0.052797626378650334,1.0,0.0710457165947792
773,500,927,18648,0.25,0.9796476586718694,0.9941607603092784,0.049606282015911454,0.03225806451612903,0.05281978956650612,1.0,0.07104755174186383
774,500,928,18648,0.25,0.9797099565865836,0.9941607603092784,0.04960337066825706,0.03225806451612903,0.0527770339508499,1.0,0.07105057133864548
775,500,900,18648,0.25,0.9797280578635283,0.9941607603092784,0.049606655453893755,0.03225806451612903,0.05278765845426639,1.0,0.07106183213852345
776,500,914,18648,0.25,0.9797293465233221,0.9941607603092784,0.04960702199311472,0.03225806451612903,0.05278765845426639,1.0,0.07106183213852345
777,500,927,18648,0.25,0.9797319238429097,0.9941607603092784,0.04960762001473982,0.03225806451612903,0.05278995730484111,1.0,0.07106122134316989
778,500,892,18648,0.25,0.9796891968292661,0.9941607603092784,0.049605255052148994,0.03225806451612903,0.05282558948874915,1.0,0.07105442624224094
779,500,931,18648,0.25,0.9796866195096786,0.9941607603092784,0.04960455330300161,0.03225806451612903,0.052830187189898584,1.0,0.07105320199014331
780,500,924,18648,0.25,0.9796399165750488,0.9941607603092784,0.04960097582141588,0.03225806451612903,0.05286596768674693,1.0,0.07104638004026684
781,500,927,18648,0.25,0.9796529948949247,0.9941607603092784,0.049580659309793405,0.03225806451612903,0.05287762614323297,1.0,0.07104330936203994
782,500,920,18648,0.25,0.979748377065911,0.9941607603092784,0.04888265355611192,0.03225806451612903,0.05287992499380768,1.0,0.07104269549619627
783,500,916,18648,0.25,0.9797534920540156,0.9941607603092784,0.04888305124505281,0.03225806451612903,0.052884522694957116,1.0,0.07104146752542828
784,500,857,18648,0.25,0.9797575779166066,0.9941607603092784,0.04888016946202902,0.03225806451612903,0.05289388230086844,1.0,0.07103900801877557
785,500,922,18648,0.25,0.9797575779166066,0.9941607603092784,0.04888016946202902,0.03225806451612903,0.05289388230086844,1.0,0.07103900801877557
786,500,905,18648,0.25,0.9797096559931693,0.9941607603092784,0.048878402430389656,0.03225806451612903,0.052940625595887594,1.0,0.0710330917461133
787,500,882,18648,0.25,0.9797189073651864,0.9941607603092784,0.04886868361037101,0.03225806451612903,0.052940625595887594,1.0,0.0710330917461133
788,500,903,18648,0.25,0.9797238816595776,0.9941607603092784,0.04885972824987841,0.03225806451612903,0.05294522329703702,1.0,0.07103185968033297
789,500,931,18648,0.25,0.9797225929997838,0.9941607603092784,0.048859372954503724,0.03225806451612903,0.052949820998186445,1.0,0.07103062729557978
790,500,915,18648,0.25,0.9797330716400224,0.9941607603092784,0.04884801436248575,0.03225806451612903,0.052949820998186445,1.0,0.07103062729557978
791,500,938,18648,0.25,0.9797304943204348,0.9941607603092784,0.048847304049640314,0.03225806451612903,0.05295441869933588,1.0,0.07102939459183714
792,500,898,18648,0.25,0.9796838610567912,0.9941607603092784,0.04884526756150612,0.03225806451612903,0.052992498046758936,1.0,0.071022847907035
793,500,916,18648,0.25,0.979678706417616,0.9941607603092784,0.04884384151625622,0.03225806451612903,0.05300169344905778,1.0,0.07102037638482026
794,500,929,18648,0.25,0.979678706417616,0.9941607603092784,0.04884384151625622,0.03225806451612903,0.05300169344905778,1.0,0.07102037638482026
795,500,938,18648,0.25,0.9797253396812595,0.9941607603092784,0.048845780992005344,0.03225806451612903,0.0529868968790888,1.0,0.07102170114834719
796,500,917,18648,0.25,0.9797266788623747,0.9941607603092784,0.0488419373490432,0.03225806451612903,0.05299660313707093,1.0,0.07101922621288437
797,500,933,18648,0.25,0.9796475369588532,0.9941607603092784,0.04885056069580945,0.03225806451612903,0.053086081474825124,1.0,0.07102116857641555
798,500,929,18648,0.25,0.9796462482990592,0.9941607603092784,0.048850203319797905,0.03225806451612903,0.05309297802654926,1.0,0.07101930592289432
799,500,921,18648,0.25,0.9796436709794716,0.9941607603092784,0.048849522453050874,0.03225806451612903,0.05309788824425147,1.0,0.07101805428182761
800,500,909,18648,0.25,0.9796359390207088,0.9941607603092784,0.04884741098687351,0.03225806451612903,0.05311200975492471,1.0,0.07101431957193018
801,500,912,18648,0.25,0.9797134440221505,0.9941607603092784,0.04836440624724421,0.03225806451612903,0.05312151767377634,1.0,0.07101182269952215
802,500,910,18648,0.25,0.9797134440221507,0.9941607603092784,0.04836442341528056,0.03225806451612903,0.053126279578538244,1.0,0.0710105754053763
803,500,951,18648,0.25,0.9796836034938001,0.9941607603092784,0.04836075270043842,0.03225806451612903,0.053155119703930095,1.0,0.07100463687553911
804,500,944,18648,0.25,0.9796861808133877,0.9941607603092784,0.04836150699663928,0.03225806451612903,0.05315081862866128,1.0,0.07100586999770034
805,500,946,18648,0.25,0.9796836034938001,0.9941607603092784,0.0483608213777353,0.03225806451612903,0.05316264128875979,1.0,0.07100274756418702
806,500,926,18648,0.25,0.9796356815703626,0.9941607603092784,0.048358340722511384,0.03225806451612903,0.05320057232324255,1.0,0.07099609334915659
807,500,941,18648,0.25,0.9796343929105688,0.9941607603092784,0.04835797939296067,0.03225806451612903,0.05320763307857917,1.0,0.07099421557976333
808,500,907,18648,0.25,0.979633104250775,0.9941607603092784,0.048357618026369203,0.03225806451612903,0.05320993192915388,1.0,0.0709935906034298
809,500,937,18648,0.25,0.979633104250775,0.9941607603092784,0.04835763519681553,0.03225806451612903,0.053210080242094185,1.0,0.07099358397485563
810,500,906,18648,0.25,0.9796343929105688,0.9941607603092784,0.0483580137335906,0.03225806451612903,0.053207929704459776,1.0,0.07099420233202622
811,500,938,18648,0.25,0.9796305269311875,0.9941607603092784,0.04835694669415133,0.03225806451612903,0.05321743762331141,1.0,0.07099169190550843
812,500,905,18648,0.25,0.9796305269311875,0.9941607603092784,0.04835694669415133,0.03225806451612903,0.05321743762331141,1.0,0.07099169190550843
813,500,949,18648,0.25,0.9795852321164661,0.9941607603092784,0.048354595480977695,0.03225806451612903,0.05325866137233916,1.0,0.07098548315531097
814,500,954,18648,0.25,0.9795853523087737,0.9941607603092784,0.04835463444232675,0.03225806451612903,0.05326112442652635,1.0,0.07098485298929967
815,500,877,18648,0.25,0.9795932542489727,0.9941607603092784,0.04833909230197012,0.03225806451612903,0.05326112442652635,1.0,0.07098485298929967
816,500,901,18648,0.25,0.9795945825598371,0.9941607603092784,0.048339489535219736,0.03225806451612903,0.05326128863013883,1.0,0.07098484952868088
817,500,909,18648,0.25,0.9795920052402495,0.9941607603092784,0.04833879872020923,0.03225806451612903,0.053266214738513215,1.0,0.07098358891202229
818,500,919,18648,0.25,0.97959358480598,0.9941607603092784,0.04833880110710475,0.03225806451612903,0.05326621473851321,1.0,0.07098358891202229
819,500,901,18648,0.25,0.9795961621255678,0.9941607603092784,0.04833952619162691,0.03225806451612903,0.05326621473851321,1.0,0.07098358891202229
820,500,939,18648,0.25,0.9796025657734663,0.9941607603092784,0.04834095318284536,0.03225806451612903,0.05326621473851321,1.0,0.07098358891202229
821,500,875,18648,0.25,0.9796012771136725,0.9941607603092784,0.04834060801702463,0.03225806451612903,0.05326867779270039,1.0,0.07098295846709844
822,500,908,18648,0.25,0.9796051430930538,0.9941607603092784,0.04834169493237921,0.03225806451612903,0.0532686777927004,1.0,0.07098295846709844
823,500,926,18648,0.25,0.9796077204126414,0.9941607603092784,0.04834243653312518,0.03225806451612903,0.05326422840449128,1.0,0.07098420558946199
824,500,912,18648,0.25,0.9796102977322291,0.9941607603092784,0.048343160809508894,0.03225806451612903,0.053266691458678475,1.0,0.07098357521893886
825,500,929,18648,0.25,0.9796102977322291,0.9941607603092784,0.048343160809508894,0.03225806451612903,0.053266691458678475,1.0,0.07098357521893886
826,500,941,18648,0.25,0.979611586392023,0.9941607603092784,0.04834352289210527,0.03225806451612903,0.053266691458678475,1.0,0.07098357521893886
827,500,951,18648,0.25,0.979536360989204,0.9941607603092784,0.04835319871690325,0.03225806451612903,0.05334337454570639,1.0,0.07098257266040559
828,500,934,18648,0.25,0.9795428042881731,0.9941607603092784,0.048355052578319103,0.03225806451612903,0.053341075695131676,1.0,0.0709832020553986
829,500,917,18648,0.25,0.9795453816077607,0.9941607603092784,0.048355797296808875,0.03225806451612903,0.05334353874931887,1.0,0.07098256900940685
830,500,949,18648,0.25,0.9795260907423762,0.9941607603092784,0.048353274996503624,0.03225806451612903,0.05336152975381662,1.0,0.07097892623067871
831,500,931,18648,0.25,0.97952737940217,0.9941607603092784,0.04835363924754057,0.03225806451612903,0.05336152975381661,1.0,0.07097892623067872
832,500,910,18648,0.25,0.97952737940217,0.9941607603092784,0.04835363924754057,0.03225806451612903,0.05336152975381661,1.0,0.07097892623067872
833,500,963,18648,0.25,0.9795248020825823,0.9941607603092784,0.04835309960134022,0.03225806451612903,0.05336948731349831,1.0,0.07097703226410218
834,500,902,18648,0.25,0.9795427640175547,0.9941607603092784,0.04835752823151449,0.03225806451612903,0.05336152975381661,1.0,0.07097892623067874
835,500,956,18648,0.25,0.9795170004528332,0.9941607603092784,0.04835387126889598,0.03225806451612903,0.053383473327484325,1.0,0.07097478222680313
836,500,966,18648,0.25,0.9795182891126271,0.9941607603092784,0.048354235757701085,0.03225806451612903,0.053383473327484325,1.0,0.07097478222680313
837,500,951,18648,0.25,0.9795195777724208,0.9941607603092784,0.048354634552445465,0.03225806451612903,0.05338593638167152,1.0,0.07097414763436373
838,500,913,18648,0.25,0.9795234437518022,0.9941607603092784,0.0483557448553959,0.03225806451612903,0.053381486993462395,1.0,0.07097540226238673
839,500,912,18648,0.25,0.9795221550920085,0.9941607603092784,0.04835541485781147,0.03225806451612903,0.05338641310183678,1.0,0.07097413313531059
840,500,934,18648,0.25,0.9794806764675401,0.9941607603092784,0.04835399750378841,0.03225806451612903,0.0534174475845954,1.0,0.07096925285256693
841,500,919,18648,0.25,0.9795259815329643,0.9941607603092784,0.048355933166120815,0.03225806451612903,0.05339813126872737,1.0,0.07097276888340737
842,500,912,18648,0.25,0.9794845029084961,0.9941607603092784,0.04835453628116751,0.03225806451612903,0.053424716363276864,1.0,0.07096914083147333
843,500,942,18648,0.25,0.9794870802280836,0.9941607603092784,0.04835528411505184,0.03225806451612903,0.05342471636327686,1.0,0.07096914083147333
844,500,913,18648,0.25,0.9794896575476714,0.9941607603092784,0.0483560318000027,0.03225806451612903,0.05342241751270215,1.0,0.070969772980408
845,500,923,18648,0.25,0.9794896575476714,0.9941607603092784,0.0483560318000027,0.03225806451612903,0.05342241751270215,1.0,0.070969772980408
846,500,936,18648,0.25,0.979492234867259,0.9941607603092784,0.04835676216527676,0.03225806451612903,0.05342488056688934,1.0,0.07096913699158038
847,500,906,18648,0.25,0.9794935235270528,0.9941607603092784,0.048357161633500303,0.03225806451612903,0.053425539735512916,1.0,0.07096912272245214
848,500,903,18648,0.25,0.9794948121868465,0.9941607603092784,0.048357526723131615,0.03225806451612903,0.053425539735512916,1.0,0.07096912272245214
849,500,929,18648,0.25,0.9794948121868465,0.9941607603092784,0.048357526723131615,0.03225806451612903,0.053425539735512916,1.0,0.07096912272245214
850,500,931,18648,0.25,0.979498678166228,0.9941607603092784,0.04835863893953663,0.03225806451612903,0.053421090347303794,1.0,0.07097037992218312
851,500,912,18648,0.25,0.979498678166228,0.9941607603092784,0.04835863893953663,0.03225806451612903,0.053421090347303794,1.0,0.07097037992218312
852,500,916,18648,0.25,0.9794999668260218,0.9941607603092784,0.04835900388065526,0.03225806451612903,0.053421090347303794,1.0,0.07097037992218312
853,500,929,18648,0.25,0.9794597768613472,0.9941607603092784,0.04835795079041562,0.03225806451612903,0.05344767544185329,1.0,0.07096674314733913
854,500,919,18648,0.25,0.9794559108819658,0.9941607603092784,0.04835692130170421,0.03225806451612903,0.05345809605572218,1.0,0.07096420200986354
855,500,901,18648,0.25,0.9794571995417598,0.9941607603092784,0.04835732173660018,0.03225806451612903,0.05345857277588745,1.0,0.0709641870240272
856,500,878,18648,0.25,0.9794610655211411,0.9941607603092784,0.04835841979447324,0.03225806451612903,0.05346349888426182,1.0,0.07096291234522759
857,500,955,18648,0.25,0.9795324952351128,0.9941607603092784,0.04834792258199169,0.03225806451612903,0.05339982437231146,1.0,0.07096086360807134
858,500,909,18648,0.25,0.9795608258687187,0.9941607603092784,0.04835089150699344,0.03225806451612903,0.05338298935547644,1.0,0.07096374502018696
859,500,901,18648,0.25,0.9795672691676879,0.9941607603092784,0.04835274219677364,0.03225806451612903,0.0533740905790582,1.0,0.07096625397336714
860,500,937,18648,0.25,0.9795863995701463,0.9941607603092784,0.04835637907535724,0.03225806451612903,0.053359722762966244,1.0,0.07096934996091835
861,500,903,18648,0.25,0.9795863995701463,0.9941607603092784,0.04835637907535724,0.03225806451612903,0.053359722762966244,1.0,0.07096934996091835
862,500,945,18648,0.25,0.9795915542093215,0.9941607603092784,0.04835784650530524,0.03225806451612903,0.053359722762966244,1.0,0.07096934996091835
863,500,919,18648,0.25,0.9795941315289092,0.9941607603092784,0.04835858858259278,0.03225806451612903,0.05335527337475712,1.0,0.07097060303033448
864,500,943,18648,0.25,0.9795967088484967,0.9941607603092784,0.04835933051113436,0.03225806451612903,0.05335773642894431,1.0,0.07096996937922175
865,500,942,18648,0.25,0.9795979975082905,0.9941607603092784,0.04835972717418517,0.03225806451612903,0.05336054613520229,1.0,0.07096933260599349
866,500,926,18648,0.25,0.9795201742844784,0.9941607603092784,0.04836713307723237,0.03225806451612903,0.053475861853966286,1.0,0.07098344847090991
867,500,930,18648,0.25,0.9795227516040659,0.9941607603092784,0.04836789598238007,0.03225806451612903,0.05347602605757877,1.0,0.07098344451347778
868,500,941,18648,0.25,0.9795227516040659,0.9941607603092784,0.04836789598238007,0.03225806451612903,0.05347602605757877,1.0,0.07098344451347778
869,500,932,18648,0.25,0.9795266175834474,0.9941607603092784,0.04836900572724228,0.03225806451612903,0.05347619026119125,1.0,0.0709834405556656
870,500,908,18648,0.25,0.979529194903035,0.9941607603092784,0.048369751093391845,0.03225806451612903,0.05347174087298213,1.0,0.07098470067663848
871,500,890,18648,0.25,0.979529194903035,0.9941607603092784,0.04836976825953115,0.03225806451612903,0.053479312484002006,1.0,0.07098278805768712
872,500,891,18648,0.25,0.9795343495422103,0.9941607603092784,0.04837125854487002,0.03225806451612903,0.05347256424521818,1.0,0.07098468202613563
873,500,937,18648,0.25,0.9795343495422103,0.9941607603092784,0.04837125854487002,0.03225806451612903,0.05347256424521818,1.0,0.07098468202613563
874,500,907,18648,0.25,0.9795369268617979,0.9941607603092784,0.048371986298991546,0.03225806451612903,0.05347256424521818,1.0,0.07098468202613563
875,500,913,18648,0.25,0.9795509422761516,0.9941607603092784,0.04837466016771588,0.03225806451612903,0.05346663831929225,1.0,0.07098593015781031
876,500,926,18648,0.25,0.9795626207555331,0.9941607603092784,0.04837716873141916,0.03225806451612903,0.053466638319292256,1.0,0.07098593015781031
877,500,923,18648,0.25,0.9795626207555331,0.9941607603092784,0.04837716873141916,0.03225806451612903,0.053466638319292256,1.0,0.07098593015781031
878,500,936,18648,0.25,0.9795626207555331,0.9941607603092784,0.04837716873141916,0.03225806451612903,0.053466638319292256,1.0,0.07098593015781031
879,500,922,18648,0.25,0.9795613320957393,0.9941607603092784,0.0483768570871944,0.03225806451612903,0.05347420993031214,1.0,0.07098401811625768
880,500,903,18648,0.25,0.9795613320957393,0.9941607603092784,0.0483768570871944,0.03225806451612903,0.05347420993031214,1.0,0.07098401811625768
881,500,941,18648,0.25,0.9795626207555331,0.9941607603092784,0.048377220221922555,0.03225806451612903,0.05347420993031214,1.0,0.07098401811625768
882,500,899,18648,0.25,0.9795677753947083,0.9941607603092784,0.0483787067162599,0.03225806451612903,0.053465311153893906,1.0,0.07098653778819289
883,500,924,18648,0.25,0.9795742186936773,0.9941607603092784,0.048380555416497106,0.03225806451612903,0.05346071345274448,1.0,0.07098780432536879
884,500,947,18648,0.25,0.9794991134831662,0.9941607603092784,0.048389000997250485,0.03225806451612903,0.05353460507836024,1.0,0.07098724015811415
885,500,937,18648,0.25,0.9794991134831662,0.9941607603092784,0.048389000997250485,0.03225806451612903,0.05353460507836024,1.0,0.07098724015811415
886,500,905,18648,0.25,0.9794991134831662,0.9941607603092784,0.048389000997250485,0.03225806451612903,0.05353460507836024,1.0,0.07098724015811415
887,500,926,18648,0.25,0.9795029794625477,0.9941607603092784,0.048390112146600175,0.03225806451612903,0.05353230622778553,1.0,0.07098787570447787
888,500,955,18648,0.25,0.979508134101723,0.9941607603092784,0.04839160459787141,0.03225806451612903,0.053525557989001694,1.0,0.07098977457473948
889,500,936,18648,0.25,0.9795094227615169,0.9941607603092784,0.048391969038576274,0.03225806451612903,0.053525557989001694,1.0,0.07098977457473948
890,500,908,18648,0.25,0.9795158660604858,0.9941607603092784,0.048393842159022336,0.03225806451612903,0.05352127280440505,1.0,0.07099103361575493
891,500,945,18648,0.25,0.9795158660604858,0.9941607603092784,0.048393842159022336,0.03225806451612903,0.05352127280440505,1.0,0.07099103361575493
892,500,961,18648,0.25,0.9795287935485906,0.9941607603092784,0.04839623275030982,0.03225806451612903,0.05351682341619593,1.0,0.07099229642746432
893,500,941,18648,0.25,0.9795339481877657,0.9941607603092784,0.04839770510726398,0.03225806451612903,0.05351928647038312,1.0,0.07099165736500526
894,500,922,18648,0.25,0.9795403914867349,0.9941607603092784,0.0483995404295753,0.03225806451612903,0.053514837082174006,1.0,0.07099292004112862
895,500,941,18648,0.25,0.9795339481877658,0.9941607603092784,0.04839791098155432,0.03225806451612903,0.05352772075023008,1.0,0.07098973060963482
896,500,935,18648,0.25,0.979539102826941,0.9941607603092784,0.048399399894104425,0.03225806451612903,0.05351882197381184,1.0,0.07099225678632497
897,500,938,18648,0.25,0.9795002015220603,0.9941607603092784,0.048398744816547955,0.03225806451612903,0.05354540706836134,1.0,0.07098858453193606
898,500,926,18648,0.25,0.979502778841648,0.9941607603092784,0.04839947397579043,0.03225806451612903,0.053545407068361334,1.0,0.07098858453193606
899,500,918,18648,0.25,0.9795053561612356,0.9941607603092784,0.04840022014214412,0.03225806451612903,0.05354095768015222,1.0,0.07098984889986011
900,500,914,18648,0.25,0.9795130881199984,0.9941607603092784,0.04840244059422449,0.03225806451612903,0.053534209441368386,1.0,0.07099174853972136
901,500,915,18648,0.25,0.9795092221406171,0.9941607603092784,0.048401450619758986,0.03225806451612903,0.05354216700105007,1.0,0.0709898355588211
902,500,905,18648,0.25,0.9795130881199985,0.9941607603092784,0.048402577830420804,0.03225806451612903,0.05354463005523727,1.0,0.070989195594883
903,500,911,18648,0.25,0.9794521082654458,0.9941607603092784,0.04840747053421674,0.03225806451612903,0.053618521680853036,1.0,0.07098854409036104
904,500,934,18648,0.25,0.9794546855850336,0.9941607603092784,0.04840821927508177,0.03225806451612903,0.053616222830278316,1.0,0.07098918234253174
905,500,905,18648,0.25,0.9794598102042931,0.9941607603092784,0.04840867886746912,0.03225806451612903,0.053616222830278316,1.0,0.07098918234253175
906,500,899,18648,0.25,0.9794649648434683,0.9941607603092784,0.048410123887484995,0.03225806451612903,0.05361146092551641,1.0,0.07099046287701725
907,500,912,18648,0.25,0.9794649648434683,0.9941607603092784,0.048410123887484995,0.03225806451612903,0.05361146092551641,1.0,0.07099046287701725
908,500,925,18648,0.25,0.9794791401012003,0.9941607603092784,0.04841412465354713,0.03225806451612903,0.05359041108177469,1.0,0.0709962040881539
909,500,906,18648,0.25,0.9794466718445858,0.9941607603092784,0.04841582276097762,0.03225806451612903,0.053614557655104575,1.0,0.07099427379479835
910,500,896,18648,0.25,0.9794544038033487,0.9941607603092784,0.04841801757087045,0.03225806451612903,0.05360288330794636,1.0,0.07099746440638961
911,500,944,18648,0.25,0.9794685790610806,0.9941607603092784,0.048418810319969585,0.03225806451612903,0.05358874590660095,1.0,0.07100129443153981
912,500,917,18648,0.25,0.9794335437355814,0.9941607603092784,0.04841916342282951,0.03225806451612903,0.05360779352564857,1.0,0.07099953066977156
913,500,908,18648,0.25,0.9794348323953752,0.9941607603092784,0.048417874513473506,0.03225806451612903,0.05360779352564857,1.0,0.07099953066977156
914,500,920,18648,0.25,0.9796164220203121,0.9941607603092784,0.04839341068236061,0.03225806451612903,0.05336381392349321,1.0,0.07097530536138145
915,500,914,18648,0.25,0.9796228653192811,0.9941607603092784,0.04839516655857942,0.03225806451612903,0.053358887815118834,1.0,0.07097657289900772
916,500,921,18648,0.25,0.9796254426388689,0.9941607603092784,0.04839587208240857,0.03225806451612903,0.05335642476093164,1.0,0.07097720653112279
917,500,934,18648,0.25,0.9796293086182503,0.9941607603092784,0.048396955826266595,0.03225806451612903,0.05335414415520276,1.0,0.07097784074811876
918,500,932,18648,0.25,0.9796357519172193,0.9941607603092784,0.04839874417001284,0.03225806451612903,0.05334938225044085,1.0,0.07097910390466951
919,500,891,18648,0.25,0.9796383292368069,0.9941607603092784,0.04839944895546641,0.03225806451612903,0.05334691919625365,1.0,0.07097973718433966
920,500,892,18648,0.25,0.9796473498553636,0.9941607603092784,0.04840194027508482,0.03225806451612903,0.05333723118311737,1.0,0.07098226575542894
921,500,925,18648,0.25,0.9796499271749513,0.9941607603092784,0.0484026443964391,0.03225806451612903,0.05333723118311737,1.0,0.07098226575542894
922,500,934,18648,0.25,0.9796525044945388,0.9941607603092784,0.04840334837031675,0.03225806451612903,0.05333476812893018,1.0,0.0709828985852573
923,500,937,18648,0.25,0.9796525044945388,0.9941607603092784,0.04840334837031675,0.03225806451612903,0.05333476812893018,1.0,0.0709828985852573
924,500,921,18648,0.25,0.9796525044945388,0.9941607603092784,0.04840334837031675,0.03225806451612903,0.05333476812893018,1.0,0.0709828985852573
925,500,913,18648,0.25,0.9796550818141265,0.9941607603092784,0.04840405219672418,0.03225806451612903,0.053332305074742986,1.0,0.0709835313239785
926,500,911,18648,0.25,0.9796589477935079,0.9941607603092784,0.04840513339024143,0.03225806451612903,0.05332539263234667,1.0,0.07098541490657255
927,500,930,18648,0.25,0.9796641024326832,0.9941607603092784,0.04840654015756609,0.03225806451612903,0.053320466523972286,1.0,0.07098667959744405
928,500,927,18648,0.25,0.9796666797522707,0.9941607603092784,0.048407243320063444,0.03225806451612903,0.053318003469785095,1.0,0.07098731180623925
929,500,927,18648,0.25,0.9796277681966872,0.9941607603092784,0.04840724497994473,0.03225806451612903,0.05334492561385494,1.0,0.07098483030601571
930,500,905,18648,0.25,0.9796329228358625,0.9941607603092784,0.048408655005964786,0.03225806451612903,0.053339999505480566,1.0,0.07098609636280151
931,500,921,18648,0.25,0.9795888668918065,0.9941607603092784,0.04840719621962244,0.03225806451612903,0.05337383409194672,1.0,0.07098171880277186
932,500,922,18648,0.25,0.9795914442113942,0.9941607603092784,0.04840790337825904,0.03225806451612903,0.05337137103775953,1.0,0.07098235290758018
933,500,923,18648,0.25,0.9795940215309817,0.9941607603092784,0.04840861038934648,0.03225806451612903,0.05336890798357234,1.0,0.07098298692125785
934,500,948,18648,0.25,0.9796004648299509,0.9941607603092784,0.04841040299917781,0.03225806451612903,0.05336168302462325,1.0,0.07098488472268016
935,500,920,18648,0.25,0.9795991761701571,0.9941607603092784,0.04841017833540823,0.03225806451612903,0.05336471447593056,1.0,0.07098425870264816
936,500,926,18648,0.25,0.9796030421495384,0.9941607603092784,0.04841126385656575,0.03225806451612903,0.05335780203353425,1.0,0.07098614542188307
937,500,902,18648,0.25,0.9796069081289199,0.9941607603092784,0.0484123490446646,0.03225806451612903,0.053350889591137936,1.0,0.07098803141787538
938,500,939,18648,0.25,0.9796094854485075,0.9941607603092784,0.04841305516759094,0.03225806451612903,0.05334842653695074,1.0,0.07098866467020383
939,500,935,18648,0.25,0.979640334600966,0.9941607603092784,0.04841849635514444,0.03225806451612903,0.05332337477711637,1.0,0.07099419366191902
940,500,939,18648,0.25,0.9796493552195227,0.9941607603092784,0.04842098632116001,0.03225806451612903,0.05331830035580168,1.0,0.07099546491118316
941,500,938,18648,0.25,0.9796595449251135,0.9941607603092784,0.0484235179677479,0.03225806451612903,0.053308043945545266,1.0,0.0709979808433092
942,500,921,18648,0.25,0.9796595449251135,0.9941607603092784,0.0484235179677479,0.03225806451612903,0.053308043945545266,1.0,0.0709979808433092
943,500,926,18648,0.25,0.9796595449251135,0.9941607603092784,0.0484235179677479,0.03225806451612903,0.053308043945545266,1.0,0.0709979808433092
944,500,901,18648,0.25,0.9796595449251135,0.9941607603092784,0.0484235179677479,0.03225806451612903,0.053308043945545266,1.0,0.0709979808433092
945,500,914,18648,0.25,0.9796569676055259,0.9941607603092784,0.04842276321980587,0.03225806451612903,0.05332139211017264,1.0,0.07099423106179052
946,500,928,18648,0.25,0.9796556789457321,0.9941607603092784,0.04842238578998087,0.03225806451612903,0.05332584149838176,1.0,0.07099298053288566
947,500,933,18648,0.25,0.9796556789457321,0.9941607603092784,0.04842238578998087,0.03225806451612903,0.05332584149838176,1.0,0.07099298053288566
948,500,896,18648,0.25,0.9796531016261445,0.9941607603092784,0.04842163081861858,0.03225806451612903,0.0533347402748,1.0,0.07099047857238255
949,500,937,18648,0.25,0.9795974074733256,0.9941607603092784,0.04842020296254581,0.03225806451612903,0.05339232059280039,1.0,0.07098337041473654
950,500,902,18648,0.25,0.9795974074733256,0.9941607603092784,0.04842020296254581,0.03225806451612903,0.05339892051864392,1.0,0.0709814910646763
951,500,941,18648,0.25,0.9795961188135318,0.9941607603092784,0.04841982392761247,0.03225806451612903,0.053403369906853036,1.0,0.07098023545145879
952,500,925,18648,0.25,0.9795961188135318,0.9941607603092784,0.04841982392761247,0.03225806451612903,0.053403369906853036,1.0,0.07098023545145879
953,500,921,18648,0.25,0.979594830153738,0.9941607603092784,0.04841944485541492,0.03225806451612903,0.05340781929506216,1.0,0.07097897953711521
954,500,889,18648,0.25,0.9795922528341503,0.9941607603092784,0.048418686599223756,0.03225806451612903,0.0534167180714804,1.0,0.070976466804986
955,500,892,18648,0.25,0.979646698597794,0.9941607603092784,0.04841833672374433,0.03225806451612903,0.05337463645574178,1.0,0.07097921182659801
956,500,905,18648,0.25,0.9796441212782063,0.9941607603092784,0.0484175983603932,0.03225806451612903,0.05338154889813809,1.0,0.0709773232835592
957,500,969,18648,0.25,0.9796299460204744,0.9941607603092784,0.0484135775846606,0.03225806451612903,0.05342092539524541,1.0,0.07096661379249777
958,500,894,18648,0.25,0.9796299460204744,0.9941607603092784,0.0484135775846606,0.03225806451612903,0.05342092539524541,1.0,0.07096661379249777
959,500,927,18648,0.25,0.9796299460204744,0.9941607603092784,0.0484135775846606,0.03225806451612903,0.05342092539524541,1.0,0.07096661379249777
960,500,905,18648,0.25,0.9796299460204744,0.9941607603092784,0.0484135775846606,0.03225806451612903,0.05342092539524541,1.0,0.07096661379249777
961,500,900,18648,0.25,0.9796247913812991,0.9941607603092784,0.04841206447833651,0.03225806451612903,0.05343872294808189,1.0,0.07096158296051594
962,500,909,18648,0.25,0.9796247913812991,0.9941607603092784,0.04841206447833651,0.03225806451612903,0.05343872294808189,1.0,0.07096158296051594
963,500,925,18648,0.25,0.9796183078117114,0.9941607603092784,0.04841026522290201,0.03225806451612903,0.053452730281332836,1.0,0.0709577921489879
964,500,931,18648,0.25,0.9796157304921238,0.9941607603092784,0.04840950807287609,0.03225806451612903,0.05346162905775107,1.0,0.07095527303409081
965,500,918,18648,0.25,0.9796092871931549,0.9941607603092784,0.04840771746183709,0.03225806451612903,0.053475636391002015,1.0,0.07095147736328071
966,500,913,18648,0.25,0.979607998533361,0.9941607603092784,0.04840733864539285,0.03225806451612903,0.053482236316845545,1.0,0.07094958941815648
967,500,923,18648,0.25,0.9796054212137733,0.9941607603092784,0.04840658090069235,0.03225806451612903,0.05349328563089819,1.0,0.07094643895855288
968,500,934,18648,0.25,0.9796233831487454,0.9941607603092784,0.04841010421260558,0.03225806451612903,0.053486864739961164,1.0,0.0709477003570613
969,500,948,18648,0.25,0.9796208058291579,0.9941607603092784,0.04840934733027293,0.03225806451612903,0.05349791405401382,1.0,0.07094454909271213
970,500,918,18648,0.25,0.9796208058291579,0.9941607603092784,0.04840934733027293,0.03225806451612903,0.05349791405401382,1.0,0.07094454909271213
971,500,893,18648,0.25,0.9796208058291579,0.9941607603092784,0.04840934733027293,0.03225806451612903,0.05349791405401382,1.0,0.07094454909271213
972,500,908,18648,0.25,0.9796207655585394,0.9941607603092784,0.048408744011690805,0.03225806451612903,0.05350681283043207,1.0,0.0709420238398304
973,500,895,18648,0.25,0.9796194768987455,0.9941607603092784,0.04840834835638848,0.03225806451612903,0.05352245984563415,1.0,0.07093759810136649
974,500,907,18648,0.25,0.979623342878127,0.9941607603092784,0.04840941514528965,0.03225806451612903,0.05351769794087224,1.0,0.07093887327299563
975,500,933,18648,0.25,0.9796725937319768,0.9941607603092784,0.048412223789020596,0.03225806451612903,0.053481719104893403,1.0,0.07094507180998039
976,500,943,18648,0.25,0.979676379789669,0.9941607603092784,0.04841286081386885,0.03225806451612903,0.05348631680604282,1.0,0.07094380314858754
977,500,914,18648,0.25,0.9797204459844279,0.9941607603092784,0.04841423777835169,0.03225806451612903,0.053452482219576665,1.0,0.07094823669007523
978,500,920,18648,0.25,0.9797217346442216,0.9941607603092784,0.048414596397543135,0.03225806451612903,0.053452482219576665,1.0,0.07094823669007523
979,500,870,18648,0.25,0.9797217346442216,0.9941607603092784,0.048414596397543135,0.03225806451612903,0.053452482219576665,1.0,0.07094823669007523
980,500,910,18648,0.25,0.9798189074215088,0.9941607603092784,0.048418424393357265,0.03225806451612903,0.0533681910318372,1.0,0.07095820526486316
981,500,936,18648,0.25,0.979794102072219,0.9941607603092784,0.04842113045305861,0.03225806451612903,0.05339234562120918,1.0,0.07095689014222761
982,500,922,18648,0.25,0.9799405359540587,0.9941607603092784,0.04842396037793429,0.03225806451612903,0.05327160627283826,1.0,0.0709699259654121
983,500,888,18648,0.25,0.9799405359540587,0.9941607603092784,0.04842396037793429,0.03225806451612903,0.05327160627283826,1.0,0.0709699259654121
984,500,919,18648,0.25,0.9799431132736465,0.9941607603092784,0.04842464857477501,0.03225806451612903,0.05326914321865106,1.0,0.07097055662773992
985,500,911,18648,0.25,0.9799444422040587,0.9941607603092784,0.04842435436722717,0.03225806451612903,0.05326329526543468,1.0,0.07097048845447192
986,500,914,18648,0.25,0.9799509257736464,0.9941607603092784,0.04842595404706861,0.03225806451612903,0.053255337705752984,1.0,0.0709723706892192
987,500,920,18648,0.25,0.9799651016509264,0.9941607603092784,0.04842850241216883,0.03225806451612903,0.05324928089706459,1.0,0.07097488253484029
988,500,911,18648,0.25,0.9800206455915218,0.9941607603092784,0.04842982316267032,0.03225806451612903,0.05319813630129526,1.0,0.07098001808884646
989,500,913,18648,0.25,0.9801915659807331,0.9941607603092784,0.04841411110299272,0.03225806451612903,0.05302894464559685,1.0,0.07097879408682523
990,500,913,18648,0.25,0.9802394879041706,0.9941607603092784,0.04841541808427787,0.03225806451612903,0.05298926210591432,1.0,0.07098291669562765
991,500,924,18648,0.25,0.9803314965237726,0.9941607603092784,0.04841531402224273,0.03225806451612903,0.05291491260484068,1.0,0.07098899519603954
992,500,898,18648,0.25,0.9805336163916625,0.9941607603092784,0.04839601208196608,0.03225806451612903,0.05265812502460482,1.0,0.07095903358209715
993,500,922,18648,0.25,0.9806047354304844,0.9941607603092784,0.04838891008472248,0.03225806451612903,0.05259375720851287,1.0,0.0709608942523937
994,500,936,18648,0.25,0.9806824781130595,0.9941607603092784,0.0483408812239884,0.03225806451612903,0.05245486831962398,1.0,0.07088696240836169
995,500,936,18648,0.25,0.9811060962957789,0.9941607603092784,0.048124899783811965,0.03225806451612903,0.051822958084265465,1.0,0.07054856262303089
996,500,899,18648,0.25,0.9813163182178646,0.9941607603092784,0.04794027839562311,0.03225806451612903,0.05149703215833954,1.0,0.07023900508896148
997,500,914,18648,0.25,0.9819288719495711,0.9941607603092784,0.047084912761011344,0.03225806451612903,0.050463698825006204,1.0,0.06852809263452109
998,500,922,18648,0.25,0.9819288719495711,0.9941607603092784,0.047084912761011344,0.03225806451612903,0.050463698825006204,1.0,0.06852809263452109
999,500,922,18648,0.25,0.982498294384417,0.9941607603092784,0.04517948890955494,0.03225806451612903,0.04957341137111007,1.0,0.0655057126233556
