gen,evals,gen_feats,explored,type naive Bayes balanced accuracy_min,type naive Bayes balanced accuracy_avg,type naive Bayes balanced accuracy_max,type naive Bayes balanced accuracy_std,root separation_min,root separation_avg,root separation_max,root separation_std,root leanness_min,root leanness_avg,root leanness_max,root leanness_std
0,500,3818,3818,0.2,0.7736473671295554,0.8995123787079594,0.11843186123900416,0.0,0.561827087994611,0.6335840295844706,0.060309153621042784,0.14002800840280097,0.263995488585006,1.0,0.12162301417836666
1,398,3146,3989,0.2,0.7279847426054941,0.8995123787079594,0.16403485095669393,0.0,0.5522499867387997,0.6328831151763845,0.07364257136443862,0.14002800840280097,0.3285836404526518,1.0,0.14816554044656016
2,376,1967,4155,0.2,0.771029907270643,0.9019910459164112,0.10659716773905842,0.0,0.5721255426840898,0.6430926949647344,0.06587404657294046,0.1386750490563073,0.31243078633650984,1.0,0.12264056184585458
3,369,1533,4278,0.2,0.7618116127649605,0.9077419216485358,0.13209581496842687,0.0,0.5752384989495879,0.6430926949647344,0.0697685136322719,0.1386750490563073,0.32762824775333765,1.0,0.14248161926765684
4,379,1244,4394,0.2,0.7410797265872178,0.9077419216485358,0.15746209292394336,0.0,0.5683364650816154,0.6430926949647344,0.07233054617886023,0.1414213562373095,0.36176941613505287,1.0,0.15764626348687336
5,370,1125,4501,0.2,0.742622513813659,0.9100675030438847,0.1488782131739005,0.0,0.5720791262670705,0.6442572889417678,0.07540035855773661,0.1414213562373095,0.37295900881752836,1.0,0.1575773804269263
6,367,1107,4619,0.2,0.7645309567661341,0.9095132961271404,0.14341640721476692,0.0,0.583945024182788,0.6442572889417678,0.07113968369145389,0.1414213562373095,0.3545490166467947,1.0,0.15599066268508738
7,383,1058,4737,0.2,0.7675367845295623,0.9095132961271404,0.14387553711319723,0.0,0.5840757885249745,0.6465675204488416,0.07570938040985342,0.1414213562373095,0.3613376874013251,1.0,0.15804054484268812
8,369,930,4811,0.2,0.7824312411023671,0.9180061149785758,0.12735654242171482,0.0,0.5859904374549285,0.6469592565412992,0.07762780582707131,0.14433756729740643,0.35818492212529857,1.0,0.1513153676449562
9,363,886,4902,0.2,0.7849522727058058,0.9180061149785758,0.13732010914896095,0.0,0.5881671847020178,0.6469592565412992,0.0825167886787483,0.14433756729740643,0.3569653810577643,1.0,0.16031030340279653
10,392,898,5010,0.2,0.789212174041684,0.9180061149785758,0.1361256045982366,0.0,0.5891267143061368,0.6565280123405299,0.08902447518492806,0.14433756729740643,0.36250132051805667,1.0,0.16027737995419886
11,381,850,5068,0.2,0.8059896425312955,0.919244505071455,0.12816569196186017,0.0,0.5962509542333757,0.6565280123405299,0.09055805291714442,0.14433756729740643,0.3457168162295493,1.0,0.16486444270074727
12,367,842,5138,0.2,0.7962316668127362,0.9235923311584117,0.13434451201397504,0.0,0.5977717709323048,0.6565280123405299,0.08732764728867798,0.1543033499620919,0.3639801387528956,1.0,0.16765347441986117
13,364,814,5205,0.2,0.7924627673227563,0.9235923311584117,0.1436571807155381,0.0,0.6000258516738747,0.6566233836626717,0.0841275552429681,0.15249857033260467,0.3672821187723659,1.0,0.17787976616678836
14,373,795,5264,0.2,0.7874820919141979,0.9235923311584117,0.14750370299590781,0.0,0.5961421180043222,0.6566233836626717,0.09205609981751159,0.1543033499620919,0.39484787729552706,1.0,0.1749952007870362
15,374,749,5307,0.2,0.8043628203398049,0.9235923311584117,0.14068724225959708,0.0,0.5994528724828558,0.6566233836626717,0.10635647033789987,0.14586499149789456,0.3773601987923496,1.0,0.17644678815042347
16,372,729,5344,0.2,0.792388363220495,0.924223099944037,0.14645501748703593,0.0,0.6031047924527592,0.6624177995176805,0.10001367396450424,0.15249857033260467,0.3985283215948883,1.0,0.17745691137572073
17,370,689,5385,0.2,0.7933552643830237,0.924223099944037,0.15011555449046846,0.0,0.6017020109263215,0.6624177995176805,0.10330438322814882,0.1543033499620919,0.4054874099872113,1.0,0.18249863467703178
18,377,709,5421,0.2,0.7930716080636246,0.924223099944037,0.14928871881317346,0.0,0.6019872690373357,0.6624177995176805,0.0998830993079937,0.1543033499620919,0.41278043020618166,1.0,0.17820079941566466
19,380,728,5461,0.2,0.781584520689675,0.9253921547660532,0.1555410255978472,0.0,0.5994637799113411,0.6624177995176805,0.1068264485565679,0.13736056394868904,0.4266854686986952,1.0,0.18165091305692893
20,376,686,5499,0.2,0.7896721906433877,0.9286740500062184,0.14234184104357797,0.0,0.6067816285287059,0.6624177995176805,0.10562209671355122,0.13736056394868904,0.4239681137834971,1.0,0.16734353287354972
21,353,640,5519,0.2,0.7954804317004717,0.9286740500062184,0.14656831911454432,0.0,0.6074102505261592,0.6624177995176805,0.10965797016269763,0.15617376188860607,0.4100276879869249,1.0,0.1743934608584924
22,376,691,5547,0.2,0.7873439374924117,0.9286740500062184,0.14827102242354276,0.0,0.6049305070941157,0.6624177995176805,0.11303904788123434,0.15617376188860607,0.4300537842569811,1.0,0.17250004728367113
23,367,618,5564,0.2,0.8097489510188212,0.9286740500062184,0.13701515283002494,0.0,0.6050433733670693,0.662668939586936,0.11356657630717534,0.15617376188860607,0.41650459256852485,1.0,0.17161847569278552
24,381,675,5601,0.2,0.8007067071353988,0.9286740500062184,0.14406788546105379,0.0,0.603116654014866,0.662668939586936,0.11443922217986577,0.15617376188860607,0.43346048608947796,1.0,0.1737793864201444
25,392,683,5622,0.2,0.8011361669319025,0.9309996314015672,0.14472007496244546,0.0,0.6033011024340639,0.662668939586936,0.11473815961477689,0.1543033499620919,0.43565385341141816,1.0,0.17392687851725358
26,378,630,5639,0.2,0.808196286143865,0.9279249166250473,0.1490751406173939,0.0,0.6027873790044511,0.662668939586936,0.12639452926220882,0.1543033499620919,0.42589488475654,1.0,0.1786291023984598
27,374,626,5666,0.2,0.8105951254900051,0.9291633067179266,0.14985105879774543,0.0,0.6056605899869016,0.662668939586936,0.12386318543685503,0.15249857033260467,0.4204643285650466,1.0,0.17902965303261653
28,361,629,5681,0.2,0.8138092001179742,0.9291633067179266,0.14830283977886835,0.0,0.6033537442749282,0.6635398464520729,0.12905796562087538,0.15249857033260467,0.4280315983020772,1.0,0.1747865232998676
29,378,599,5697,0.2,0.8123932595098633,0.9291633067179266,0.1510483431144939,0.0,0.6044251244439377,0.6635398464520729,0.1295402686384319,0.15249857033260467,0.42371206311314075,1.0,0.18126696281508367
30,369,646,5712,0.2,0.8126319075242333,0.9287068842010825,0.15211171413874375,0.0,0.6016575997053554,0.6635398464520729,0.13204982535099588,0.1889822365046136,0.43519409771585493,1.0,0.1743837141034017
31,373,589,5723,0.2,0.8193179989541527,0.9270023848748666,0.15461099866781838,0.0,0.6023247367774922,0.6635398464520729,0.13512514505036197,0.1889822365046136,0.4244684929308163,1.0,0.17630958250487896
32,372,631,5739,0.2,0.8155736982436255,0.9270023848748666,0.1539033889994608,0.0,0.5999672435189068,0.6635398464520729,0.13456715494566884,0.1889822365046136,0.43546438593230996,1.0,0.1754370963476572
33,384,620,5755,0.2,0.8251737933747079,0.9270023848748666,0.14334104149534208,0.0,0.6043455099771532,0.6635398464520729,0.12327158869358935,0.1889822365046136,0.42859627739910583,1.0,0.16531875626610903
34,368,595,5766,0.2,0.8269677658848539,0.929326079247522,0.14095025983460144,0.0,0.6062519609299291,0.6635398464520729,0.12017574766699866,0.18569533817705186,0.4268296830992691,1.0,0.16556865594440562
35,363,588,5778,0.2,0.8200975438349005,0.929326079247522,0.14732507541445633,0.0,0.6033193185995789,0.6635398464520729,0.12619378009445756,0.18569533817705186,0.436850210911252,1.0,0.16840920490815178
36,368,600,5790,0.2,0.8218353716982806,0.9293279662702154,0.14808478851707452,0.0,0.6033861574940089,0.6635398464520729,0.12613341312777016,0.18569533817705186,0.4329483190870119,1.0,0.17128974381734832
37,357,543,5798,0.2,0.819933103799642,0.9344577599332069,0.15179873353019863,0.0,0.6035792977240334,0.6635398464520729,0.12954325366452235,0.18569533817705186,0.43503009426342093,1.0,0.17349239153025325
38,367,543,5806,0.2,0.8246996907394646,0.9344577599332069,0.15271914420798102,0.0,0.6022276425986612,0.6635398464520729,0.1291863758165601,0.18569533817705186,0.4318115825700987,1.0,0.17234086158496603
39,345,529,5811,0.2,0.8203080693529718,0.9344577599332069,0.15859861841976508,0.0,0.6033601874671458,0.6635398464520729,0.1351807297798846,0.18569533817705186,0.4311693489637546,1.0,0.1789301029008612
40,349,553,5816,0.2,0.8231484150200752,0.9344577599332069,0.15785071945085902,0.0,0.6043266707051804,0.6635398464520729,0.13546855387165532,0.18569533817705186,0.42928134019092035,1.0,0.17568667735381532
41,375,599,5822,0.2,0.8201364492874927,0.9344577599332069,0.16039102155981694,0.0,0.6042684362123673,0.6638987227671895,0.13829790955722085,0.18569533817705186,0.43005871048585165,1.0,0.17663202812003473
42,367,538,5826,0.2,0.8164509102718455,0.9344577599332069,0.16207996721548318,0.0,0.6046745191470577,0.6638987227671895,0.1385916749593078,0.18569533817705186,0.4334527029280749,1.0,0.17966857882291287
43,361,579,5835,0.2,0.8150931255293016,0.9344577599332069,0.16185698974550253,0.0,0.6040605539041678,0.6638987227671895,0.1324729179380325,0.18569533817705186,0.441835407218121,1.0,0.17742690490965973
44,375,579,5839,0.2,0.8116248304007339,0.9344577599332069,0.1625745831903223,0.0,0.6057179993474435,0.6638987227671895,0.1236113792444399,0.18569533817705186,0.44546053766578225,1.0,0.17602385103048654
45,357,551,5843,0.2,0.8110029792892903,0.9344577599332069,0.16256363457411138,0.0,0.6050819689817569,0.6638987227671895,0.12354390044817229,0.18569533817705186,0.44676521844823497,1.0,0.17726652940328366
46,389,583,5846,0.2,0.8139834808180535,0.9374025363749954,0.16195912232516854,0.0,0.6044229370645364,0.6638987227671895,0.12335623074957162,0.18569533817705186,0.4445890378769798,1.0,0.17537995271079246
47,357,574,5850,0.2,0.8191606789070108,0.9374025363749954,0.16675262481487094,0.0,0.6030037762287962,0.6638987227671895,0.12641167918057744,0.18569533817705186,0.4343919545298959,1.0,0.18206563792968736
48,353,565,5852,0.2,0.8203682346932393,0.9374025363749954,0.16189857506303887,0.0,0.6058163825932712,0.6638987227671895,0.12377903928956002,0.18569533817705186,0.43356068161721656,1.0,0.17636539084450448
49,376,601,5857,0.2,0.8201609567731882,0.9374025363749954,0.15957013674679796,0.0,0.6074463702159062,0.6638987227671895,0.12087054457860014,0.18569533817705186,0.4332211591379837,1.0,0.1739003485073403
50,354,567,5858,0.2,0.814480009880739,0.9374025363749954,0.1675039158120873,0.0,0.6026304714556355,0.6638987227671895,0.12637104779360558,0.18569533817705186,0.44064613575164946,1.0,0.18264584790000235
51,364,561,5859,0.2,0.8156274819670059,0.9374025363749954,0.1666937459282768,0.0,0.6035602741944728,0.6642022742301082,0.12653573894601888,0.18569533817705186,0.4401446176900841,1.0,0.18132716034652782
52,370,590,5864,0.2,0.8172032417810278,0.9374025363749954,0.1628271323290495,0.0,0.6054512136433035,0.6642022742301082,0.1236868117763914,0.18569533817705186,0.4400082199677462,1.0,0.17628938861189433
53,354,554,5866,0.2,0.8187878586205497,0.9374025363749954,0.1596385565238817,0.0,0.6071190763039332,0.6646384446014839,0.12070516552289404,0.18569533817705186,0.44201822889241305,1.0,0.1721004705062871
54,366,556,5870,0.2,0.8141393630213006,0.9378473851526538,0.15769543973630437,0.0,0.6082361041918174,0.6646384446014839,0.1208921064072666,0.18569533817705186,0.45184043175453925,1.0,0.16486952980920924
55,348,536,5873,0.2,0.8162405760864979,0.9378473851526538,0.1543300301909386,0.0,0.6102229965061107,0.6646428345552524,0.11787139773970218,0.1796053020267749,0.4460605051837136,1.0,0.16448764334739496
56,363,550,5875,0.2,0.8118350377662373,0.9378473851526538,0.15559837050914865,0.0,0.6093867771908534,0.6654485322686438,0.1211063627754333,0.1796053020267749,0.45365797129656016,1.0,0.16255418055824594
57,372,589,5877,0.2,0.8138372010995467,0.9372378768227068,0.15164349683109116,0.0,0.6121057024676687,0.6646384446014839,0.11816547937585606,0.1796053020267749,0.45061294972289556,1.0,0.15905619481223068
58,361,556,5877,0.2,0.8113708096464987,0.9372378768227068,0.15558557160225725,0.0,0.6094345342490094,0.6646384446014839,0.1211203299887619,0.1796053020267749,0.4537421081746402,1.0,0.16270477354916832
59,392,581,5877,0.2,0.8091819066803011,0.9372378768227068,0.15629827526246204,0.0,0.6105198176519876,0.6646384446014839,0.12141914220536683,0.1796053020267749,0.4544590321710799,1.0,0.16359354239925025
60,364,490,5878,0.2,0.8105500827320484,0.9372378768227068,0.15667441210365007,0.0,0.6101829516552122,0.6646384446014839,0.12130943955863913,0.1796053020267749,0.4557196462693988,1.0,0.1633291207489771
61,361,523,5878,0.2,0.8109661201683163,0.9372378768227068,0.15612028244044604,0.0,0.6105253791614684,0.6647648461522877,0.12134092906907869,0.1796053020267749,0.4558890719749312,1.0,0.16223339045005244
62,375,527,5879,0.2,0.8087703851501519,0.9372378768227068,0.15613672818690227,0.0,0.6110035709581514,0.6654485322686438,0.12159640806793638,0.1690308509457033,0.45588924237732054,1.0,0.1638409433143919
63,360,550,5881,0.2,0.810936408138804,0.9372378768227068,0.1520606447846724,0.0,0.6126729012628659,0.6654485322686438,0.11843757664346903,0.1690308509457033,0.4546514801880567,1.0,0.16037532972558402
64,367,576,5881,0.2,0.8131816625022736,0.937868645608332,0.1488256159114455,0.0,0.6144296520471071,0.6654485322686438,0.11521558752921589,0.1690308509457033,0.4526654591954324,1.0,0.15759475571731554
65,374,541,5881,0.2,0.8195129257269612,0.937868645608332,0.145779850850978,0.0,0.6152485374798009,0.6654485322686438,0.11159487291133742,0.1690308509457033,0.4454898382640351,1.0,0.1559019673748284
66,364,543,5882,0.2,0.8196357828663849,0.9422164716952885,0.15040888239718592,0.0,0.6134877505001541,0.6654485322686438,0.11504366276420952,0.1690308509457033,0.44195601673521917,1.0,0.16092331255644385
67,364,566,5882,0.2,0.8200933672112365,0.9422164716952885,0.15078625190764516,0.0,0.6130661736428047,0.6655007645887212,0.11494722497605409,0.1690308509457033,0.4442342289388933,1.0,0.1601828184543218
68,358,566,5884,0.2,0.8200675886938021,0.9422164716952885,0.15083140519210916,0.0,0.6130504363043418,0.6655007645887212,0.1149173319662899,0.1690308509457033,0.4439893502774154,1.0,0.1605755930198413
69,358,557,5884,0.2,0.8204015672434826,0.9422164716952885,0.15107685569739657,0.0,0.6128891338632106,0.6655007645887212,0.11489240104118718,0.1690308509457033,0.4436790179200888,1.0,0.16097478508028726
70,357,580,5885,0.2,0.8138554505745723,0.9422164716952885,0.15417792355225937,0.0,0.6122620661533525,0.6655007645887212,0.11842285566183594,0.1796053020267749,0.45113006699602154,1.0,0.16092405577939356
71,392,603,5885,0.2,0.8082270069584804,0.9422164716952885,0.1611989139048909,0.0,0.6096679491734704,0.6655007645887212,0.12477468619551609,0.1796053020267749,0.45279473076659577,1.0,0.16866494806232538
72,375,551,5885,0.2,0.812369260662114,0.9422164716952885,0.1581014717027305,0.0,0.6116438642836923,0.6655007645887212,0.12179562267767449,0.1796053020267749,0.44760461089690706,1.0,0.1678855450201973
73,368,564,5885,0.2,0.8166998678560755,0.9422164716952885,0.15789561273972202,0.0,0.611645873332154,0.6655007645887212,0.1216514137734645,0.1796053020267749,0.4418410763788454,1.0,0.1697126726112137
74,380,575,5885,0.2,0.8131967484335434,0.944704825620233,0.1582113131317815,0.0,0.610441780952265,0.6655007645887212,0.12145003416955506,0.1796053020267749,0.4498031063046251,1.0,0.1653759651935753
75,363,548,5886,0.2,0.8130727626434711,0.944704825620233,0.1582092979529267,0.0,0.6105719431896474,0.6655007645887212,0.12149760736392991,0.1796053020267749,0.44981190567451174,1.0,0.16520346031433625
76,383,573,5886,0.2,0.8143293857440553,0.944704825620233,0.15569631212006085,0.0,0.6116154824877575,0.6655007645887212,0.11835318215055418,0.2041241452319315,0.45050103036514255,1.0,0.16172314485047776
77,370,526,5886,0.2,0.813422468387502,0.944704825620233,0.1566991732075545,0.0,0.6105846659283721,0.6655007645887212,0.12133878496872447,0.21320071635561044,0.4523545474214984,1.0,0.1618206484917326
78,366,547,5886,0.2,0.8138330944132888,0.944704825620233,0.15578868076679506,0.0,0.6112375559460693,0.6655007645887212,0.11819326572850129,0.21320071635561044,0.45251608237507696,1.0,0.16161900806939297
79,363,530,5886,0.2,0.812639907229435,0.944704825620233,0.1571631397576659,0.0,0.6098318126622008,0.6655007645887212,0.12120621415961509,0.21320071635561044,0.45461378497856186,1.0,0.1619308115030844
80,368,545,5886,0.2,0.8172336619696857,0.944704825620233,0.1563950843688444,0.0,0.6094738542271412,0.6655007645887212,0.11786809644158727,0.2,0.45065454821796436,1.0,0.1614581863991702
81,359,515,5887,0.2,0.8293776597880946,0.944704825620233,0.14454725792115705,0.0,0.6106500247825445,0.6655007645887212,0.12088442820493125,0.2,0.4418616726600972,1.0,0.15736536601634893
82,359,547,5888,0.2,0.836433681670571,0.944704825620233,0.1386693329656347,0.0,0.6126142622690136,0.6655007645887212,0.12355221158380134,0.21821789023599236,0.4352492175046804,1.0,0.15154205918704883
83,374,529,5888,0.2,0.8358599661250657,0.9422164716952885,0.13883086600733183,0.0,0.6136789370385308,0.6655007645887212,0.12370208067500509,0.21821789023599236,0.43345264105176945,1.0,0.15280027809809515
84,366,555,5888,0.2,0.8370222036644944,0.9422164716952885,0.141821394599517,0.0,0.6118338709656681,0.6655007645887212,0.12661851238252872,0.21320071635561044,0.4320621338782141,1.0,0.15557573034951114
85,346,540,5888,0.2,0.8363690458535927,0.9422164716952885,0.14183707147063418,0.0,0.6116359515011498,0.6655007645887212,0.1265224809851693,0.21320071635561044,0.4337932012975274,1.0,0.1547271175299807
86,354,579,5888,0.2,0.8338275484404819,0.9422164716952885,0.13764831990643242,0.0,0.6135115628722219,0.6655007645887212,0.1204571411138401,0.19245008972987526,0.439601934883938,1.0,0.15051296301593914
87,349,507,5888,0.2,0.8247121921832157,0.9422164716952885,0.1451650909271251,0.0,0.6125503980892855,0.6655007645887212,0.12398580118814231,0.19245008972987526,0.44422091405416825,1.0,0.16113157782697793
88,360,518,5888,0.2,0.8290788146593108,0.9422164716952885,0.14572543267517182,0.0,0.6115187767060131,0.6655007645887212,0.12384007666663306,0.19245008972987526,0.4396281435218107,1.0,0.16266678966574258
89,377,578,5888,0.2,0.8253427603265887,0.9440856305737932,0.15182821625980653,0.0,0.6086942006349135,0.6655007645887212,0.12983582639230742,0.19245008972987526,0.4425065323524985,1.0,0.16856317644500896
90,370,577,5888,0.2,0.8256134238971599,0.9440856305737932,0.14300357216862872,0.0,0.6119546158331306,0.6655007645887212,0.12071294878169031,0.19245008972987526,0.44659336879949446,1.0,0.1601437109012626
91,359,521,5888,0.2,0.8209075490294627,0.9440856305737932,0.14433247329661622,0.0,0.6107777584746757,0.6655007645887212,0.12383715596292001,0.19245008972987526,0.4541959780515433,1.0,0.1592660941298303
92,364,561,5888,0.2,0.8266089942022439,0.9440740568346075,0.14384325282956004,0.0,0.6129940628462325,0.6655007645887212,0.12413366634700553,0.19245008972987526,0.446065175749254,1.0,0.1536789908556912
93,374,589,5888,0.2,0.8312765264179932,0.9440740568346075,0.1415529553130512,0.0,0.6144747022386753,0.6682845098107828,0.1210568459772654,0.18569533817705186,0.4393564388761343,1.0,0.1546188791135907
94,359,571,5888,0.2,0.8321069625330576,0.9471931795451771,0.141258380314349,0.0,0.6142890992192076,0.6655007645887212,0.12093947183429196,0.18569533817705186,0.43816408698528303,1.0,0.1529810540725298
95,365,571,5888,0.2,0.8322520891405943,0.9471931795451771,0.14223412738326982,0.0,0.6138304049515364,0.6655007645887212,0.12089891865311596,0.18569533817705186,0.4361747029174619,1.0,0.15418624511410273
96,350,540,5888,0.2,0.8315968640081842,0.9471931795451771,0.1420032689629125,0.0,0.6146932549819648,0.6655007645887212,0.12107663127828597,0.19245008972987526,0.4349535272241273,1.0,0.15323251390859824
97,355,509,5888,0.2,0.8308589831677391,0.9471931795451771,0.14191923734433246,0.0,0.6142903793600728,0.6655007645887212,0.12098183344209101,0.21320071635561044,0.43662587183362905,1.0,0.15292013303262625
98,373,539,5888,0.2,0.8326678166643473,0.9471931795451771,0.14883974849171208,0.0,0.6094004445869444,0.6655007645887212,0.1265039526310824,0.21320071635561044,0.4395076809577571,1.0,0.1596047023707894
99,371,547,5888,0.2,0.8342368484242699,0.9471931795451771,0.14593925537606592,0.0,0.6114483481511018,0.6655007645887212,0.1237299196054219,0.2041241452319315,0.4370697971163091,1.0,0.15758658064234604
100,376,555,5888,0.2,0.8348439672211189,0.9478123745916168,0.14321609376471714,0.0,0.6130484145360752,0.6668420664779338,0.12074816416446488,0.19245008972987526,0.4352254421944483,1.0,0.15795972813078096
101,364,541,5888,0.2,0.8322177153116161,0.9471931795451771,0.14237377836676482,0.0,0.6129592997636008,0.6668420664779338,0.12065256010722908,0.19245008972987526,0.440236856699617,1.0,0.15689783591844395
102,361,555,5888,0.2,0.8314767868869375,0.9471931795451771,0.14185659805367312,0.0,0.6125889099635247,0.6668420664779338,0.1205600874721773,0.19245008972987526,0.4419444368828218,1.0,0.15657740527840985
103,361,546,5888,0.2,0.831644496355935,0.9471931795451771,0.13877245013343784,0.0,0.6146297462604406,0.6668420664779338,0.11757021157456604,0.21320071635561044,0.43993986675932784,1.0,0.15425558743219228
104,352,548,5888,0.2,0.831333549475069,0.9471931795451771,0.14242807692138168,0.0,0.6125243420975964,0.6668420664779338,0.12069498882528043,0.2041241452319315,0.4374456953760566,1.0,0.1591049307327205
105,368,515,5888,0.2,0.8303858185465005,0.9478123745916168,0.1427152564567053,0.0,0.6124160039853508,0.6668420664779338,0.12072331971629854,0.2041241452319315,0.43949283565774194,1.0,0.15901210738523655
106,387,571,5888,0.2,0.8284163513499423,0.9471931795451771,0.14584620204547022,0.0,0.610397595266947,0.6668420664779338,0.12364492379626675,0.2041241452319315,0.4427900510984996,1.0,0.16074048387576603
107,369,514,5888,0.2,0.8289112754263075,0.9471931795451771,0.13916151199832738,0.0,0.6147557066823278,0.6668420664779338,0.11778267147801823,0.2041241452319315,0.4405437938191791,1.0,0.15421434569338127
108,377,545,5888,0.2,0.8248877971993968,0.9471931795451771,0.1442900404135957,0.0,0.6122760175832638,0.6668420664779338,0.1209393689050642,0.2041241452319315,0.4451960832460918,1.0,0.15914340015402606
109,381,559,5888,0.2,0.8211503811180672,0.9471931795451771,0.14432018577455066,0.0,0.6124806215178364,0.6668420664779338,0.11793724381547788,0.2041241452319315,0.44810001197241073,1.0,0.16095604733485186
110,372,556,5888,0.2,0.8239452774735652,0.9471931795451771,0.14495484194114447,0.0,0.6133110081151968,0.6668420664779338,0.11810643838739476,0.2041241452319315,0.4405991116471364,1.0,0.16416875499242917
111,372,543,5888,0.2,0.823937116936601,0.9471931795451771,0.14507108534037888,0.0,0.6133036789817455,0.6668420664779338,0.11809876031388336,0.2041241452319315,0.4387755705532072,1.0,0.16621898053258802
112,371,564,5888,0.2,0.8251888790402883,0.9471931795451771,0.14217367227351005,0.0,0.6146651880887439,0.6676399422069323,0.11484327821675076,0.2041241452319315,0.4408239418881693,1.0,0.1624198919030029
113,364,529,5888,0.2,0.8218925696445979,0.9471931795451771,0.14835533930591824,0.0,0.6111949063660583,0.6676399422069323,0.12091605700205443,0.2041241452319315,0.45160257210267807,1.0,0.16527093583433214
114,369,552,5888,0.2,0.8199239147619529,0.9471931795451771,0.14379757050336475,0.0,0.6135601248486307,0.6676399422069323,0.11797329522283063,0.20851441405707477,0.4541014697120096,1.0,0.1606885740196045
115,366,526,5888,0.2,0.8185083774821608,0.9471931795451771,0.1439257305370128,0.0,0.6132204977286743,0.6676399422069323,0.11795031198070187,0.21320071635561044,0.45560152368254775,1.0,0.161108098745241
116,360,541,5888,0.2,0.8293652564950955,0.9471931795451771,0.14165937736280684,0.0,0.6140405106679199,0.6708694969946315,0.12106586623572312,0.21320071635561044,0.4429114510614568,1.0,0.15856714525695895
117,354,539,5888,0.2,0.8302218903539303,0.9471931795451771,0.13857587929696946,0.0,0.6154762915820315,0.6708694969946315,0.11795145417134027,0.21320071635561044,0.4414448123547264,1.0,0.15683473421112926
118,366,542,5888,0.2,0.8283396632964009,0.9471931795451771,0.1409833089504291,0.0,0.6150181544736416,0.6708694969946315,0.12127526323996764,0.21320071635561044,0.44139481161717475,1.0,0.1580523498798235
119,371,579,5888,0.2,0.8301037242972271,0.9471931795451771,0.1378935319699181,0.0,0.6156543375137351,0.6708694969946315,0.11797273301926983,0.21320071635561044,0.44219481047142617,1.0,0.15593153791856035
120,372,534,5888,0.2,0.8294834660026227,0.9471931795451771,0.1371315190931193,0.0,0.6146139758087745,0.6708694969946315,0.11782255646343266,0.21320071635561044,0.44667130320815057,1.0,0.15412882213935772
121,376,537,5888,0.2,0.8290985152696321,0.9471931795451771,0.13826022758494266,0.0,0.6147528209369869,0.6708694969946315,0.1179102057668762,0.21320071635561044,0.4460801079098297,1.0,0.15406988316686127
122,390,563,5888,0.2,0.8299087401335735,0.9471931795451771,0.135323686279629,0.0,0.6159514202100346,0.6708694969946315,0.11466457854853339,0.21320071635561044,0.445645237771254,1.0,0.15159136992787448
123,386,544,5888,0.2,0.8291266716339519,0.9471931795451771,0.1385261206040867,0.0,0.6148744791991703,0.6708694969946315,0.11788718132675871,0.21320071635561044,0.4463646605395692,1.0,0.15629228757618402
124,377,541,5888,0.2,0.8222816429883025,0.9471931795451771,0.13748966114043346,0.0,0.6146748960248806,0.6708694969946315,0.11117450293489901,0.2041241452319315,0.4578091130621017,1.0,0.1565838511650878
125,375,536,5888,0.2,0.8221302111918198,0.9471931795451771,0.14122840949757726,0.0,0.6127531562715159,0.6708694969946315,0.11441514863369753,0.2041241452319315,0.45824390212726945,1.0,0.16045121245406305
126,375,581,5888,0.2,0.8250968499362935,0.9471931795451771,0.14973460660454474,0.0,0.6122467559553861,0.6708694969946315,0.12100325056915637,0.2041241452319315,0.44748300923699563,1.0,0.16842645072011095
127,372,591,5888,0.2,0.8252356493852371,0.9471931795451771,0.14807501511174945,0.0,0.6134466497253689,0.6708694969946315,0.12114563554297185,0.19611613513818404,0.4483271801108575,1.0,0.16425106850168744
128,341,551,5888,0.2,0.8232139282322826,0.9471931795451771,0.14878920831979708,0.0,0.6125786193197421,0.6708694969946315,0.12101881327979036,0.19611613513818404,0.4517465298392118,1.0,0.16527668764692388
129,369,543,5888,0.2,0.8243194558080539,0.9471931795451771,0.14398944510300649,0.0,0.6131801397483152,0.6708694969946315,0.11773762495153761,0.19611613513818404,0.4540120411462664,1.0,0.16034765453682207
130,378,561,5888,0.2,0.8217726979488782,0.9471931795451771,0.14508652985527204,0.0,0.6130145217148599,0.6708694969946315,0.11781279115586456,0.19611613513818404,0.45844435083535734,1.0,0.16283181679728032
131,376,559,5888,0.2,0.8202383932711824,0.9471931795451771,0.14788812898266485,0.0,0.6122950043240027,0.6708694969946315,0.12096538909703233,0.2041241452319315,0.4604760830111933,1.0,0.1639534325741009
132,374,549,5888,0.2,0.823713378310744,0.9471931795451771,0.14846459626472638,0.0,0.6115728455328894,0.6708694969946315,0.12083723517206713,0.2041241452319315,0.45765029363043025,1.0,0.1649235027647185
133,368,519,5888,0.2,0.8228687395401284,0.9471931795451771,0.14856792822449055,0.0,0.6129908542684066,0.6708694969946315,0.12107997922088105,0.2041241452319315,0.45556347677421727,1.0,0.16534744160127515
134,369,553,5888,0.2,0.8217229609155947,0.9471931795451771,0.14842885951015058,0.0,0.613067652857398,0.6708694969946315,0.12111566498201737,0.2041241452319315,0.4574451273319621,1.0,0.16417620541008957
135,383,533,5888,0.2,0.8237265558540844,0.9471931795451771,0.1487743955630601,0.0,0.6118031243158091,0.6708694969946315,0.12087161146123203,0.2041241452319315,0.4574398060897695,1.0,0.16453432139867732
136,350,492,5888,0.2,0.8290208898743276,0.9471931795451771,0.141518207897051,0.0,0.6141878635655741,0.6708694969946315,0.11445447998669414,0.2041241452319315,0.455421773426222,1.0,0.15658290882870024
137,390,584,5888,0.2,0.8367301147333744,0.9471931795451771,0.1419158784581155,0.0,0.6137566962534472,0.6708694969946315,0.1209293950206628,0.21320071635561044,0.44379951873528867,1.0,0.15360896136309551
138,391,547,5888,0.2,0.8368726258539925,0.9471931795451771,0.1378790610904225,0.0,0.6152523187042475,0.6708694969946315,0.11782579155716943,0.21320071635561044,0.4448534842966804,1.0,0.15077418848414365
139,367,525,5888,0.2,0.8300017776271713,0.9471931795451771,0.13686960138167598,0.0,0.6162012152435975,0.6708694969946315,0.1113023205336453,0.20851441405707477,0.4536781983996839,1.0,0.1518927562861737
140,348,478,5888,0.2,0.8293793225494911,0.9471931795451771,0.13724915437787946,0.0,0.6161248630293397,0.6708694969946315,0.11131506538987403,0.20851441405707477,0.45463497505869793,1.0,0.15221259540746349
141,364,501,5888,0.2,0.8286132393767884,0.9471931795451771,0.13685840505443111,0.0,0.6162023031020678,0.6708694969946315,0.11130651037384702,0.20851441405707477,0.4573420127779689,1.0,0.14960535237260236
142,381,537,5888,0.2,0.8308556817128018,0.9471931795451771,0.13370629472332157,0.0,0.6188586091703366,0.6708694969946315,0.10812552809823772,0.20851441405707477,0.4511679449578171,1.0,0.1513296248099864
143,374,557,5888,0.2,0.8397398494969429,0.9471931795451771,0.14322466788725957,0.0,0.6125073297667156,0.6716819849702873,0.12083063207778887,0.20851441405707477,0.4395528354710873,1.0,0.16546582735092336
144,361,541,5888,0.2,0.8400308241985371,0.9471931795451771,0.14081261615470725,0.0,0.6136601571084962,0.6716819849702873,0.11766129935402513,0.20851441405707477,0.43891208190212383,1.0,0.1643103166511535
145,385,580,5888,0.2,0.835690593802569,0.9471931795451771,0.14619152708363325,0.0,0.6097183460006071,0.6716819849702873,0.12342919007958711,0.20851441405707477,0.45021510386824054,1.0,0.16262626061442684
146,367,520,5888,0.2,0.8394954665253371,0.9471931795451771,0.14379380490548152,0.0,0.6123682204241475,0.6716819849702873,0.12079085024279455,0.20851441405707477,0.4403202638069172,1.0,0.16489040943159278
147,373,558,5888,0.2,0.8408176342644522,0.9471931795451771,0.14080467345807848,0.0,0.6135138759817979,0.6716819849702873,0.11767331469550654,0.20851441405707477,0.4398604892621394,1.0,0.16293566489414177
148,384,573,5888,0.2,0.8379982532476188,0.9471931795451771,0.14712572292119744,0.0,0.6113182730920146,0.6716819849702873,0.12401293344342869,0.20851441405707477,0.44078256175187946,1.0,0.16831777704968484
149,377,578,5888,0.2,0.8395223012165789,0.9471931795451771,0.1436258153846159,0.0,0.6124058777480296,0.6716819849702873,0.12091740145275913,0.2041241452319315,0.43991264002245156,1.0,0.16560989340900928
150,394,582,5888,0.2,0.8362948767019643,0.9471931795451771,0.14295245366410456,0.0,0.6123318536837864,0.6716819849702873,0.12078618479839247,0.20851441405707477,0.4452983062981639,1.0,0.1614056233063583
151,370,522,5888,0.2,0.839480274931849,0.9471931795451771,0.13981756850360913,0.0,0.614386998476344,0.6716819849702873,0.11777698218082214,0.20851441405707477,0.44126131709615224,1.0,0.1595184813738617
152,364,536,5888,0.2,0.8387117348159413,0.9471931795451771,0.1413284578669585,0.0,0.612610916978596,0.6716819849702873,0.12082852829928435,0.21320071635561044,0.4424326920416494,1.0,0.15628598880431024
153,360,537,5888,0.2,0.8391544169053665,0.9478123745916168,0.14265340205097374,0.0,0.6115776162002294,0.6716819849702873,0.12057625847645022,0.20851441405707477,0.44461903269779257,1.0,0.1599551908367822
154,369,559,5888,0.2,0.8416077441593118,0.9478123745916168,0.14022651078983253,0.0,0.6140173511398357,0.6716819849702873,0.11766505425316101,0.20851441405707477,0.4403421518703717,1.0,0.16120791823136965
155,372,542,5888,0.2,0.8377620098135518,0.9478123745916168,0.14673660402607883,0.0,0.610898071765788,0.6716819849702873,0.12377368853008602,0.20851441405707477,0.44761669815715754,1.0,0.1646267746121413
156,385,585,5888,0.2,0.838664804195531,0.9478123745916168,0.1467551198045747,0.0,0.6112796771881196,0.6716819849702873,0.1238700455284382,0.2041241452319315,0.44536636993635564,1.0,0.16541446184676667
157,372,544,5888,0.2,0.8417590899892603,0.9478123745916168,0.14015757888681626,0.0,0.6137914357838329,0.6716819849702873,0.11763132572147592,0.20851441405707477,0.4445710396584744,1.0,0.15840982522004293
158,368,539,5888,0.2,0.8435753071892802,0.9478123745916168,0.13700635500836722,0.0,0.6152357642278737,0.6716819849702873,0.11436041234268499,0.20851441405707477,0.44281933838376153,1.0,0.15613925752805055
159,360,551,5888,0.2,0.8421500096900213,0.9478123745916168,0.13981394889590076,0.0,0.61356392335031,0.6716819849702873,0.11751778268466379,0.20851441405707477,0.4447620383850717,1.0,0.15762337445121344
160,365,527,5888,0.2,0.8417721097046881,0.9478123745916168,0.13983743041662408,0.0,0.6141929017335788,0.6716819849702873,0.11769235063832288,0.20851441405707477,0.44499280845402206,1.0,0.15773888645793724
161,365,542,5888,0.2,0.8425472702085375,0.9478123745916168,0.14029808354686638,0.0,0.6151003102867707,0.6716819849702873,0.11787431671347424,0.20851441405707477,0.4402997525108906,1.0,0.15985078325031926
162,364,547,5888,0.2,0.842797775014197,0.9478123745916168,0.1408099726744475,0.0,0.6148447421747888,0.6716819849702873,0.11788900030575442,0.20851441405707477,0.43858977869660065,1.0,0.16191418097702062
163,378,571,5888,0.2,0.8411463313300672,0.9478123745916168,0.14395217801448812,0.0,0.6136720165228595,0.6716819849702873,0.12109110922175045,0.20851441405707477,0.44059935689012536,1.0,0.16281080265975548
164,364,551,5888,0.2,0.8404670149927437,0.9478123745916168,0.14358513011383658,0.0,0.6136674625951396,0.6716819849702873,0.12103282738947013,0.20851441405707477,0.4409879628927955,1.0,0.16261603083198492
165,364,523,5888,0.2,0.8375703206171181,0.9478123745916168,0.14129195667971783,0.0,0.6149260484890953,0.6716819849702873,0.11790802045892608,0.20851441405707477,0.4418587675928533,1.0,0.1616335402673345
166,377,559,5888,0.2,0.8355471894290131,0.9478123745916168,0.14441475643738114,0.0,0.6134267071401079,0.6716819849702873,0.12103211768826448,0.20851441405707477,0.44440443811375324,1.0,0.1627932643582761
167,378,561,5888,0.2,0.8367505095957607,0.9478123745916168,0.14110306803800612,0.0,0.6150352564781996,0.6716819849702873,0.11793213117048884,0.20851441405707477,0.4429085774032339,1.0,0.1605644671634724
168,363,529,5888,0.2,0.8395194832639903,0.9478123745916168,0.14015871105918357,0.0,0.6155372666942928,0.6716819849702873,0.11805961366970232,0.20851441405707477,0.439486492375164,1.0,0.15929224581947704
169,380,533,5888,0.2,0.837863474885293,0.9490623384236819,0.13997713935412998,0.0,0.6168201374322592,0.6716819849702873,0.11827354451061647,0.2,0.43867496843315756,1.0,0.15928818884285204
170,361,568,5888,0.2,0.8366848269658649,0.9490623384236819,0.13692290257666437,0.0,0.6183440684796198,0.6716819849702873,0.11513133714568323,0.2,0.44056357281245817,1.0,0.1556838073090136
171,369,582,5888,0.2,0.8378764703887516,0.9490623384236819,0.13671233732981963,0.0,0.6184792287269009,0.6716819849702873,0.11509459258853756,0.2,0.43941130399241723,1.0,0.1557509229545449
172,365,526,5888,0.2,0.8326596742406341,0.9490623384236819,0.14389275568745197,0.0,0.616699768615134,0.6716819849702873,0.12189400220621892,0.2,0.43918768508086015,1.0,0.16502660281005674
173,373,562,5888,0.2,0.8343972390239028,0.9490623384236819,0.14104925084684483,0.0,0.618201982803546,0.6716819849702873,0.11879538863869672,0.2,0.4378564022753877,1.0,0.16273002518096266
174,366,560,5888,0.2,0.8342396631508784,0.9490623384236819,0.1472919221155043,0.0,0.6138969170084079,0.6716819849702873,0.12462335134662485,0.2,0.4416046273420593,1.0,0.16909625753383284
175,348,562,5888,0.2,0.8364525777057767,0.9490623384236819,0.13688276284961967,0.0,0.6184964669244196,0.6716819849702873,0.11513711065589846,0.2,0.4415464239357515,1.0,0.15702114241295362
176,368,479,5888,0.2,0.83701307348566,0.9490623384236819,0.14452652818352824,0.0,0.6139070566148387,0.6716819849702873,0.12121033937403805,0.2,0.43924001837814364,1.0,0.1658772705607829
177,349,535,5888,0.2,0.8369663598634325,0.9490623384236819,0.14136576549016208,0.0,0.6160654278238669,0.6716819849702873,0.1181610311983488,0.2,0.44017482599478774,1.0,0.16229309573167902
178,367,525,5888,0.2,0.8362530860693653,0.9490623384236819,0.14133766752271176,0.0,0.6160716635455699,0.6716819849702873,0.11817703971805377,0.2,0.43978979769352844,1.0,0.1632943759284066
179,348,501,5888,0.2,0.8317308556620265,0.9490623384236819,0.1476862490491494,0.0,0.6143724001297046,0.6716819849702873,0.12467872365144586,0.2,0.4421195854910304,1.0,0.1692973994298942
180,359,531,5888,0.2,0.8316892514919748,0.9490623384236819,0.14773928261262756,0.0,0.6142931314444329,0.6716819849702873,0.12462502073568316,0.2,0.44142834801512115,1.0,0.17002797144335036
181,377,567,5888,0.2,0.8315194812472653,0.9490623384236819,0.14798216227870162,0.0,0.6140564092142069,0.6716819849702873,0.12462311406907609,0.2,0.4412136015469828,1.0,0.17113167441760943
182,384,536,5888,0.2,0.8354855577159717,0.9490623384236819,0.14195553703766714,0.0,0.616542605415869,0.6716819849702873,0.11832290675691548,0.2,0.4437093601841959,1.0,0.16312239048607263
183,377,548,5888,0.2,0.8338783620120311,0.9490623384236819,0.14470569527430913,0.0,0.6153918223330368,0.6716819849702873,0.12150938489800095,0.2,0.4436138397188715,1.0,0.16563420302316606
184,391,571,5888,0.2,0.8342258356191853,0.9490623384236819,0.14447338693664938,0.0,0.6155232406375962,0.6716819849702873,0.1214972672756107,0.2,0.44259695738823246,1.0,0.16550412269596318
185,355,508,5888,0.2,0.834318236099215,0.9490623384236819,0.14500419491230893,0.0,0.6156913122460449,0.6716819849702873,0.12153977239359912,0.2,0.44112599392666124,1.0,0.1666153011281267
186,373,561,5888,0.2,0.8341330143269189,0.9490623384236819,0.1448845007390078,0.0,0.615495268566127,0.6716819849702873,0.12149937331666104,0.2,0.4408826488578959,1.0,0.16683893693498006
187,378,556,5888,0.2,0.8298399362829749,0.9496815334701216,0.14650028768481616,0.0,0.6138949837438384,0.6716819849702873,0.12454016525807757,0.2041241452319315,0.44985890410244733,1.0,0.16381233901371234
188,389,566,5888,0.2,0.8340823295778527,0.9496815334701216,0.14414940154709915,0.0,0.6147642952356728,0.6716819849702873,0.1213417267289177,0.2041241452319315,0.4426710411876893,1.0,0.16541184442851123
189,389,573,5888,0.2,0.8348236499012248,0.9496815334701216,0.14156512585838069,0.0,0.615985431713513,0.6716819849702873,0.11816857559881773,0.2041241452319315,0.44229376078704963,1.0,0.1634350660195075
190,362,530,5888,0.2,0.8330078390320731,0.9496815334701216,0.1435251944177461,0.0,0.6153325718707255,0.6716819849702873,0.12134827215326427,0.2041241452319315,0.44532665491564705,1.0,0.16433707352670016
191,361,533,5888,0.2,0.8354256950014832,0.9503007285165612,0.14081444362941659,0.0,0.6153654335156495,0.6716819849702873,0.11794825771597116,0.2,0.4439268101615615,1.0,0.16251882158397365
192,368,558,5888,0.2,0.8354312337883255,0.9503007285165612,0.14176962277673588,0.0,0.6151901414539471,0.6716819849702873,0.11803139123347445,0.2,0.4423187943964252,1.0,0.1642689772439947
193,373,555,5888,0.2,0.8322259871451031,0.9503007285165612,0.14505518597901526,0.0,0.6147858511037816,0.6716819849702873,0.12141432489937337,0.2,0.4426344858047358,1.0,0.16844696016371602
194,371,555,5888,0.2,0.8344727097221012,0.9503007285165612,0.1445901767436811,0.0,0.6148809721706278,0.6716819849702873,0.12134506595367836,0.2,0.44239252825780445,1.0,0.16625620134334157
195,372,545,5888,0.2,0.8341068698701122,0.9503007285165612,0.14466914147642793,0.0,0.6150645308936392,0.6716819849702873,0.12137898363377013,0.2,0.44220208778465764,1.0,0.16675577133659777
196,358,537,5888,0.2,0.8334788977047795,0.9503007285165612,0.14492316457747503,0.0,0.6146683746304427,0.6716819849702873,0.12136270954474865,0.2,0.4439549199492199,1.0,0.16651896862724913
197,371,549,5888,0.2,0.8340851709579118,0.9503007285165612,0.14199781984371582,0.0,0.6163054809135472,0.6716819849702873,0.1183139023798911,0.2,0.4424649666613633,1.0,0.16432752842813603
198,382,585,5888,0.2,0.8318396246488975,0.9503007285165612,0.14166386190942354,0.0,0.617133351363896,0.6716819849702873,0.11845843357182587,0.2,0.4420159872321381,1.0,0.16350079139595403
199,376,512,5888,0.2,0.8303860361315403,0.9503007285165612,0.14118511174648501,0.0,0.6173021502534505,0.6716819849702873,0.11843302788985903,0.2,0.44417122962328076,1.0,0.16200829575892697
200,363,526,5888,0.2,0.8247279460672076,0.9503007285165612,0.1433410627436807,0.0,0.6168558042556906,0.6716819849702873,0.1152944570805403,0.2,0.45003734752342767,1.0,0.1647524067534291
201,377,534,5888,0.2,0.8262786252466583,0.9503007285165612,0.14445841060155967,0.0,0.6161361820552648,0.6716819849702873,0.11519878454658741,0.2,0.44981025962444776,1.0,0.16678609786517157
202,347,508,5888,0.2,0.8254608393516165,0.9503007285165612,0.14378422650773082,0.0,0.6164979410135202,0.6716819849702873,0.1152556004947787,0.2,0.45095105771979116,1.0,0.16547846239508845
203,371,570,5888,0.2,0.8213125905828457,0.9503007285165612,0.14676146671862206,0.0,0.617015393209286,0.6716819849702873,0.11886710049250916,0.2,0.4492079861708668,1.0,0.16967220100306535
204,373,555,5888,0.2,0.8217065911344849,0.9503007285165612,0.14642594897367694,0.0,0.617014431730903,0.6716819849702873,0.1187773763413179,0.2,0.45024419449752745,1.0,0.16873300792294532
205,377,562,5888,0.2,0.8224489261780609,0.9503007285165612,0.1459078518989645,0.0,0.6175042482948921,0.6716819849702873,0.11878767088223934,0.2,0.45230540049354695,1.0,0.167266387765971
206,360,523,5888,0.2,0.8242441870378623,0.9503007285165612,0.1431660651036179,0.0,0.6190723574983663,0.6716819849702873,0.11557466745552429,0.2,0.4509758809414183,1.0,0.1648482864999914
207,371,563,5888,0.2,0.8236942446259699,0.9503007285165612,0.1430488815931789,0.0,0.6190090341743939,0.6716819849702873,0.11553894070030321,0.2,0.45256592537432616,1.0,0.16421307037242708
208,365,506,5888,0.2,0.8234787785485337,0.9503007285165612,0.14371997142542198,0.0,0.6186699732535037,0.6716819849702873,0.11551957575268339,0.2,0.45253882603315243,1.0,0.16567378292896545
209,367,538,5888,0.2,0.8228278615893787,0.9503007285165612,0.14753175336137708,0.0,0.6161617195095291,0.6716819849702873,0.11854466044261608,0.2,0.4520881565210202,1.0,0.1704542775024357
210,389,585,5888,0.2,0.8212104507440794,0.9503007285165612,0.15003495106587234,0.0,0.6149907923470298,0.6716819849702873,0.1217057180043981,0.2,0.4529822010971423,1.0,0.17265828385028398
211,360,516,5888,0.2,0.8217828457215225,0.9503007285165612,0.1508216694734107,0.0,0.6146745229192127,0.6716819849702873,0.12172084011540824,0.2,0.4517241917455168,1.0,0.1739483884198337
212,376,581,5888,0.2,0.8222872387607382,0.9503007285165612,0.14789047967517224,0.0,0.6159685055710017,0.6716819849702873,0.1185507446034841,0.2,0.4511276717363406,1.0,0.1721918195263339
213,375,534,5888,0.2,0.8226550393743945,0.9503007285165612,0.14798321045446663,0.0,0.6160747345010914,0.6716819849702873,0.11856973745216505,0.2,0.45083181839136127,1.0,0.17195621326830526
214,363,527,5888,0.2,0.8242150905335898,0.9503007285165612,0.1511465918804506,0.0,0.6137323626458449,0.6716819849702873,0.12148915793123374,0.18569533817705186,0.4483336526929878,1.0,0.17632151404112253
215,370,535,5888,0.2,0.8256458264959642,0.9503007285165612,0.14797785752288764,0.0,0.6154671280713635,0.6716819849702873,0.11840006251198346,0.18569533817705186,0.44665110809415004,1.0,0.1740985587034719
216,375,553,5888,0.2,0.8259822191992151,0.9503007285165612,0.1467658381060368,0.0,0.6162510345474344,0.6716819849702873,0.1184572649809347,0.18257418583505536,0.4466402890502174,1.0,0.17280340173203054
217,371,553,5888,0.2,0.8254985149079394,0.9503007285165612,0.146636606520629,0.0,0.616141575129144,0.6716819849702873,0.11844021488295081,0.18257418583505536,0.4473134813705339,1.0,0.17216154057581137
218,367,534,5888,0.2,0.8253301305830648,0.9503007285165612,0.1466539792837831,0.0,0.615993322750234,0.6716819849702873,0.1184060974800958,0.18257418583505536,0.449051632708325,1.0,0.170898335411274
219,369,594,5888,0.2,0.8246196260666947,0.9503007285165612,0.146846805429639,0.0,0.6159779414825114,0.6716819849702873,0.11842173248694744,0.18257418583505536,0.4505132157442372,1.0,0.17029541750426225
220,377,534,5888,0.2,0.8264864127991486,0.9503007285165612,0.14308405251725945,0.0,0.617674974994424,0.6716819849702873,0.11514287313847271,0.18257418583505536,0.44984177713702833,1.0,0.16664112046480165
221,357,516,5888,0.2,0.8265362108371723,0.9503007285165612,0.14355639645780735,0.0,0.6176792906424293,0.6716819849702873,0.11518566507590786,0.18257418583505536,0.44826260619247976,1.0,0.16787659051467138
222,367,550,5888,0.2,0.8261018755238283,0.9503007285165612,0.14380836590317614,0.0,0.6174862171538357,0.6716819849702873,0.11521309651475806,0.18257418583505536,0.4480844644330934,1.0,0.16906552167110048
223,378,563,5888,0.2,0.82573083687415,0.9503007285165612,0.14423647661508904,0.0,0.6171813331534188,0.6716819849702873,0.11518187922546531,0.18569533817705186,0.4483045535318265,1.0,0.16996688661908968
224,369,562,5888,0.2,0.8261960170031764,0.9503007285165612,0.14635765874384843,0.0,0.6160137613908552,0.6716819849702873,0.11838606128053947,0.18569533817705186,0.4469022086237577,1.0,0.1714124895758491
225,372,565,5888,0.2,0.8257151824518032,0.9503007285165612,0.14679342541858603,0.0,0.6160520474182176,0.6716819849702873,0.11844043007689699,0.2,0.44760761650812425,1.0,0.17147249414291593
226,358,561,5888,0.2,0.8245298505096722,0.9503007285165612,0.14712803606144143,0.0,0.6157669555018809,0.6716819849702873,0.11845883024511554,0.2,0.4486673338988738,1.0,0.17262491873004757
227,370,537,5888,0.2,0.8259988578304025,0.9503007285165612,0.1468719081449848,0.0,0.6159336707335226,0.6716819849702873,0.11844020153711526,0.2,0.44764545178959997,1.0,0.17120874400907365
228,379,554,5888,0.2,0.8275467846983487,0.9503007285165612,0.14355957739996633,0.0,0.6169088812240663,0.6716819849702873,0.11511385998814337,0.2,0.4477920949691176,1.0,0.16770192715473922
229,385,589,5888,0.2,0.8231756993354591,0.9503007285165612,0.14617634236097007,0.0,0.61626284400889,0.6716819849702873,0.11860531159662022,0.2,0.4545007629356277,1.0,0.16757289498009298
230,382,556,5888,0.2,0.825520095191155,0.9503007285165612,0.14343233677900113,0.0,0.6173931571032989,0.6716819849702873,0.11527565837583506,0.2,0.45329361529965867,1.0,0.16594879146666625
231,363,556,5888,0.2,0.8275462489009285,0.9503007285165612,0.14345595208854625,0.0,0.6171968251952782,0.6716819849702873,0.11515239440225514,0.2,0.4513098559968848,1.0,0.1658498055866543
232,373,554,5888,0.2,0.8274646100930069,0.9504538143296642,0.14388620772462166,0.0,0.6171957665541096,0.6716819849702873,0.11517283041467072,0.2,0.44991030521008085,1.0,0.16649235912141103
233,377,581,5888,0.2,0.8275742674983969,0.9504538143296642,0.1438663912421525,0.0,0.617221686782802,0.6716819849702873,0.1151794040267116,0.2,0.4499970701965408,1.0,0.16621458686253868
234,373,542,5888,0.2,0.825915092057836,0.9503007285165612,0.1464028849947136,0.0,0.6169407357681211,0.6716819849702873,0.11855994788243886,0.2,0.44993301956882825,1.0,0.16925477165207878
235,364,577,5888,0.2,0.825346864253015,0.9503007285165612,0.14675557356552,0.0,0.6168037834505405,0.6716819849702873,0.11855176404070948,0.2,0.45070826556282656,1.0,0.1697592873841935
236,363,543,5888,0.2,0.8251792964308865,0.9503007285165612,0.14661645432050746,0.0,0.61615720383545,0.6716819849702873,0.11844673735684003,0.2,0.45298449385025136,1.0,0.16833746859321272
237,376,559,5888,0.2,0.8278951013552938,0.9503007285165612,0.1434978186045003,0.0,0.6171607907398152,0.6716819849702873,0.11514551884294422,0.2,0.45101326440949574,1.0,0.16553729434429487
238,364,550,5888,0.2,0.826062950083857,0.9503007285165612,0.14379611861208472,0.0,0.6168734948609653,0.6716819849702873,0.11515298243571433,0.2,0.4525203924664527,1.0,0.16660240577390786
239,363,532,5888,0.2,0.8248286288953898,0.9503007285165612,0.14264733563124454,0.0,0.617765292231632,0.6716819849702873,0.1152614906070002,0.2,0.4545964301072387,1.0,0.16357307923992728
240,378,535,5888,0.2,0.8254542086269295,0.9503007285165612,0.14324105224977063,0.0,0.6179445432479649,0.6717598602920887,0.11529924356663164,0.2,0.4529072895429282,1.0,0.16412229750414253
241,358,550,5888,0.2,0.8245620064228705,0.9503007285165612,0.14344375953398422,0.0,0.6189419631431867,0.6717598602920887,0.11548703972638989,0.2,0.45240509947243907,1.0,0.16541444229713112
242,374,566,5888,0.2,0.8249434787199746,0.9503007285165612,0.14348781103292876,0.0,0.6190090319696576,0.6717598602920887,0.11546812527365151,0.2,0.4526738144343605,1.0,0.164883796003291
243,359,560,5888,0.2,0.8261896878230907,0.9503007285165612,0.14281389081670656,0.0,0.6188831074682241,0.6717598602920887,0.11533254165164346,0.2,0.45321806894602323,1.0,0.16310420451987737
244,374,559,5888,0.2,0.8274320695552816,0.9503007285165612,0.14043227789455495,0.0,0.6202838655862424,0.6716819849702873,0.11201031666342552,0.2,0.4514750813148878,1.0,0.16188355438207566
245,377,564,5888,0.2,0.8276046408405653,0.9503007285165612,0.1403737898685219,0.0,0.6200784305101524,0.6716819849702873,0.11199238794016009,0.2,0.45214715452295484,1.0,0.16164299537552804
246,361,521,5888,0.2,0.8257934986140049,0.9503007285165612,0.14311913064255066,0.0,0.6187707582543792,0.6716819849702873,0.11534127224257194,0.2,0.455357991180618,1.0,0.16263629887199108
247,370,552,5888,0.2,0.824852338378855,0.9503007285165612,0.14377458806477506,0.0,0.6185200898632447,0.6716819849702873,0.11536400630298616,0.2,0.4550843617715387,1.0,0.16428357710409652
248,365,555,5888,0.2,0.8254462077072717,0.9503007285165612,0.14399086151057142,0.0,0.6184575456230144,0.6716819849702873,0.11534271378329544,0.2,0.4539478606451403,1.0,0.16514667680987002
249,343,513,5888,0.2,0.8279296160583445,0.9509199235630007,0.14466873511669803,0.0,0.6177639234949338,0.6716819849702873,0.11525340037288163,0.19611613513818404,0.45152705243343394,1.0,0.16666928892657176
250,368,520,5888,0.2,0.8276766903673791,0.9509199235630007,0.14701732118280947,0.0,0.6168077817886912,0.6716819849702873,0.11853345264409891,0.19611613513818404,0.4517459863005715,1.0,0.16755704933692822
251,366,535,5888,0.2,0.8277604856149909,0.9509199235630007,0.144467782918176,0.0,0.6177925286468052,0.6716819849702873,0.11524199539419692,0.19611613513818404,0.45286037482959113,1.0,0.16571768453953956
252,374,545,5888,0.2,0.8261561941186172,0.9509199235630007,0.14761291242478838,0.0,0.6163963179004859,0.6716819849702873,0.11852830376550441,0.19611613513818404,0.45358254779158913,1.0,0.16834579643926395
253,370,555,5888,0.2,0.8259162404509786,0.9509199235630007,0.14758280251763056,0.0,0.6167453069872144,0.6716819849702873,0.11857939468670188,0.19611613513818404,0.45268123225872225,1.0,0.16868366955866024
254,365,546,5888,0.2,0.8261788034198503,0.9509199235630007,0.1470519808471493,0.0,0.6165771914949174,0.6716819849702873,0.11850257884986228,0.19611613513818404,0.45314912507761906,1.0,0.16782158176507686
255,372,541,5888,0.2,0.8283360215801194,0.9509199235630007,0.1439185840718233,0.0,0.6185678348912398,0.6716819849702873,0.11533406365890012,0.19611613513818404,0.4499820130079106,1.0,0.1665731230315026
256,390,589,5888,0.2,0.8275094733214775,0.9509199235630007,0.1437608038545173,0.0,0.6188832810945587,0.6716819849702873,0.11543499855955427,0.19611613513818404,0.45103403824416743,1.0,0.16560580975073533
257,377,559,5888,0.2,0.8239742282838658,0.9509199235630007,0.14696360825535243,0.0,0.6178528539668942,0.6716819849702873,0.11874018329746695,0.19611613513818404,0.4554246995023961,1.0,0.16881253855048137
258,365,566,5888,0.2,0.824293256527143,0.9509199235630007,0.14756634554278605,0.0,0.6178310800283627,0.6716819849702873,0.11880121266367227,0.19611613513818404,0.4531874302272729,1.0,0.1705899205415541
259,373,571,5888,0.2,0.8248210101191193,0.9509199235630007,0.14726245516134048,0.0,0.6180325657511941,0.6716819849702873,0.11879224354024796,0.19611613513818404,0.4528290308080769,1.0,0.17032805770760856
260,383,584,5888,0.2,0.8261240851260242,0.9509199235630007,0.14686000550205439,0.0,0.618614749977893,0.6716819849702873,0.11885821951425309,0.19611613513818404,0.4517685785450751,1.0,0.16939787905219172
261,382,537,5888,0.2,0.8255375039909068,0.9509199235630007,0.1462787068135086,0.0,0.6186400873254434,0.6716819849702873,0.11883003173157775,0.19611613513818404,0.4525114608679873,1.0,0.16879626646222345
262,368,544,5888,0.2,0.8250151930023351,0.9509199235630007,0.14695396667154437,0.0,0.6185312793468015,0.6716819849702873,0.1188908439652229,0.19611613513818404,0.45210367813312846,1.0,0.1693094077419063
263,368,541,5888,0.2,0.8245704565371468,0.9509199235630007,0.1465052963566443,0.0,0.6184587983616427,0.6716819849702873,0.11882245707931943,0.19611613513818404,0.45351489604533646,1.0,0.1696281242700326
264,376,525,5888,0.2,0.8254537433145477,0.9509199235630007,0.14668917158674943,0.0,0.6186621537591513,0.6716819849702873,0.11887119034981994,0.19611613513818404,0.45216016307302925,1.0,0.17024958378193455
265,366,527,5888,0.2,0.825498454880355,0.9509199235630007,0.1501380599531675,0.0,0.6169307532596645,0.6716819849702873,0.1220230952381893,0.19611613513818404,0.4506196582850638,1.0,0.17351879627287767
266,358,556,5888,0.2,0.8255001338893257,0.9509199235630007,0.14661759201400257,0.0,0.6187702195415736,0.6716819849702873,0.11886733974378806,0.19611613513818404,0.4516893425259984,1.0,0.17038395601901676
267,357,547,5888,0.2,0.826350277764702,0.9509199235630007,0.14434560835542515,0.0,0.6195408490582925,0.6716819849702873,0.1155500625064169,0.19611613513818404,0.4513584719744505,1.0,0.16876060761561337
268,354,527,5888,0.2,0.8275137745885436,0.9509199235630007,0.14353760775259372,0.0,0.6199839802547787,0.6716819849702873,0.11556239868928213,0.19611613513818404,0.45055913026536065,1.0,0.16733222577959406
269,361,546,5888,0.2,0.8236543821827401,0.9509199235630007,0.146605615592058,0.0,0.6177584971590139,0.6716819849702873,0.11865933382652706,0.19611613513818404,0.45646489842367555,1.0,0.1679479430511069
270,375,568,5888,0.2,0.825703440910953,0.9509199235630007,0.1439244576310395,0.0,0.6200582477046133,0.6716819849702873,0.11563223175810981,0.19611613513818404,0.4531166698391532,1.0,0.1663655894715731
271,376,587,5888,0.2,0.8265391009309146,0.9509199235630007,0.14304407502702246,0.0,0.6206195825324387,0.6716819849702873,0.11567879952723463,0.19611613513818404,0.4520107768214535,1.0,0.16560148367088315
272,357,544,5888,0.2,0.8265173881038318,0.9509199235630007,0.14316815211228937,0.0,0.6206183798829998,0.6716819849702873,0.11568474919354127,0.19611613513818404,0.4497284888642016,1.0,0.16765479049870055
273,371,554,5888,0.2,0.8265790506407359,0.9509199235630007,0.14321310657278938,0.0,0.620662226203807,0.6723663130269537,0.11568328252145627,0.19611613513818404,0.4496060283740873,1.0,0.16787916503805986
274,393,569,5888,0.2,0.8258888090915047,0.9509199235630007,0.14345545187284287,0.0,0.6205759373600442,0.6723663130269537,0.11570983679528554,0.19611613513818404,0.45051110574016195,1.0,0.16770288080038892
275,369,572,5888,0.2,0.8260627702297357,0.9509199235630007,0.14314322103864452,0.0,0.6206735008648391,0.6723663130269537,0.11569914065765614,0.19611613513818404,0.44988911833513695,1.0,0.16786251947703673
276,372,603,5888,0.2,0.8247025495089552,0.9509199235630007,0.1461028949673791,0.0,0.6201477888761396,0.6723663130269537,0.1190921828817846,0.19611613513818404,0.45079429454832315,1.0,0.1689541122754947
277,343,540,5888,0.2,0.8263178901550232,0.9509199235630007,0.14385025250801198,0.0,0.621282383547174,0.6723663130269537,0.11584092509564303,0.19611613513818404,0.4487469746451839,1.0,0.16804933188749416
278,358,537,5888,0.2,0.8269303754511045,0.9509199235630007,0.1435561992242308,0.0,0.6211618379579469,0.6723663130269537,0.11578046403775218,0.19611613513818404,0.4479931279718128,1.0,0.1684364638529424
279,339,512,5888,0.2,0.8250681860672163,0.9509199235630007,0.1439582104372384,0.0,0.6208204347569459,0.6723663130269537,0.11578300165761408,0.19611613513818404,0.45138519964429985,1.0,0.1678905436746172
280,365,545,5888,0.2,0.8249897560896446,0.9509199235630007,0.14677207230494252,0.0,0.6194016253797485,0.6723663130269537,0.11902805964003009,0.19611613513818404,0.4507199444695331,1.0,0.17027186315850645
281,372,564,5888,0.2,0.8265466910435108,0.9509199235630007,0.14302917710543034,0.0,0.6201843405206984,0.6723663130269537,0.11555722652217697,0.19611613513818404,0.45127089466674364,1.0,0.16676420363981398
282,372,566,5888,0.2,0.8261098289507602,0.9509199235630007,0.14292370155988346,0.0,0.620222824402829,0.6723663130269537,0.11557121835302767,0.19611613513818404,0.45238502878856507,1.0,0.1660114693459698
283,376,548,5888,0.2,0.8256668058263282,0.9509199235630007,0.14328022250809133,0.0,0.6200110690838769,0.6723663130269537,0.11557475956424258,0.19611613513818404,0.4529936222134722,1.0,0.1665866077967236
284,361,552,5888,0.2,0.834189894680653,0.9509199235630007,0.13769631393919315,0.0,0.6224464218462893,0.6737202788009897,0.11541433685591733,0.19611613513818404,0.44344536450492794,1.0,0.16143954588263518
285,372,573,5888,0.2,0.8326637457466777,0.9509199235630007,0.14058932799010035,0.0,0.6210373242705687,0.6737202788009897,0.11869932494967635,0.19611613513818404,0.4443908885370403,1.0,0.1644417156783877
286,369,589,5888,0.2,0.8332417869096976,0.9509199235630007,0.14072772722824653,0.0,0.6212888754220699,0.6737202788009897,0.1187610726427711,0.19611613513818404,0.4437906258491464,1.0,0.16432246351564145
287,371,566,5888,0.2,0.8354456294806095,0.9509199235630007,0.13772647499451085,0.0,0.6227937065093211,0.6737202788009897,0.11545532114161673,0.19611613513818404,0.441438531203203,1.0,0.16199397238529378
288,374,570,5888,0.2,0.8337663266182425,0.9509199235630007,0.14086146804913424,0.0,0.6211740615476852,0.6737202788009897,0.11874846938921003,0.19611613513818404,0.4432413924867385,1.0,0.16361397423952506
289,353,511,5888,0.2,0.8336587941026933,0.9509199235630007,0.14030611233002757,0.0,0.6212979211279016,0.6737202788009897,0.11872635714024628,0.19611613513818404,0.4429377920436701,1.0,0.1628444959835326
290,368,556,5888,0.2,0.8336881496941524,0.9509199235630007,0.14049874144793098,0.0,0.6214106890648735,0.6737202788009897,0.11868676797794842,0.19245008972987526,0.44230937986888275,1.0,0.16414167204304114
291,349,516,5888,0.2,0.8328892711217785,0.9509199235630007,0.14067232678948788,0.0,0.6214721231040405,0.6745187699868938,0.11876765902647539,0.19611613513818404,0.44181232733596254,1.0,0.16468652163660302
292,362,546,5888,0.2,0.8337429097590653,0.9509199235630007,0.14093937290061287,0.0,0.6215327403192121,0.6745187699868938,0.11881487063139642,0.19611613513818404,0.4401622752373832,1.0,0.16594491794792124
293,361,552,5888,0.2,0.832959078344006,0.9509199235630007,0.14070585920977552,0.0,0.6216592133952034,0.6745187699868938,0.11883496826538903,0.19611613513818404,0.4416091642633685,1.0,0.1654543339721529
294,365,552,5888,0.2,0.832860852281975,0.9509199235630007,0.14078352937646396,0.0,0.6216883108809375,0.6745187699868938,0.11880637275305381,0.19611613513818404,0.4427139976840981,1.0,0.16436663525168232
295,380,555,5888,0.2,0.832860914845527,0.9509199235630007,0.14047709730568841,0.0,0.6220009288583407,0.6751913355670796,0.11889315693166068,0.19611613513818404,0.44202944486374385,1.0,0.16426466909524204
296,371,557,5888,0.2,0.8350532016602596,0.9509199235630007,0.13802325069770935,0.0,0.6232611821356608,0.6737202788009897,0.11557601316134905,0.19611613513818404,0.4395500616212986,1.0,0.16324613690137837
297,394,579,5888,0.2,0.8351045831542329,0.9509199235630007,0.1376350078840549,0.0,0.6228993035129778,0.6737202788009897,0.11544517947790134,0.19611613513818404,0.4408316106907633,1.0,0.16230948388835217
298,375,562,5888,0.2,0.83512944031634,0.9509199235630007,0.13760043111011158,0.0,0.622955305425482,0.6737202788009897,0.11548370291551167,0.19611613513818404,0.4404106417391281,1.0,0.1623516893907684
299,365,541,5888,0.2,0.8341225854885563,0.9509199235630007,0.14051543892786067,0.0,0.6218162407433299,0.6737202788009897,0.11878813107442865,0.19611613513818404,0.4408912174715419,1.0,0.1640025471155797
300,369,596,5888,0.2,0.8329730668845154,0.9509199235630007,0.14059450855265507,0.0,0.6215843223710756,0.6737202788009897,0.11879905502666467,0.19611613513818404,0.4423561068298967,1.0,0.16411931927914933
301,373,577,5888,0.2,0.8349294177117259,0.9509199235630007,0.13754330877620988,0.0,0.6231536033015102,0.6737202788009897,0.11556531503966654,0.19611613513818404,0.43942381510101247,1.0,0.1630181634071703
302,369,575,5888,0.2,0.8338931846131036,0.9509199235630007,0.1403546919572477,0.0,0.6218555755877877,0.6737202788009897,0.11887638847807205,0.19611613513818404,0.44050809722955225,1.0,0.16486332625723024
303,379,549,5888,0.2,0.8308591845550486,0.9509199235630007,0.1400977035733509,0.0,0.6221717777801964,0.6737202788009897,0.11901350282568443,0.19611613513818404,0.44580808528274884,1.0,0.16371224763447662
304,359,549,5888,0.2,0.8313134818747537,0.9509199235630007,0.14766428495322512,0.0,0.6167994580663038,0.6737202788009897,0.1247176638053592,0.19611613513818404,0.44748770321624703,1.0,0.17292167660386584
305,356,567,5888,0.2,0.8327668921977894,0.9509199235630007,0.1444493854532194,0.0,0.6191701581242071,0.6737202788009897,0.12191301369905416,0.19611613513818404,0.4470152868777983,1.0,0.16893096037300717
306,357,516,5888,0.2,0.8323197765787236,0.9509199235630007,0.14426614677530775,0.0,0.618983621016638,0.6737202788009897,0.12193239287595334,0.19611613513818404,0.44805740800318994,1.0,0.16852966696542096
307,372,559,5888,0.2,0.8319990600056779,0.9509199235630007,0.14330463823877643,0.0,0.6200659503120777,0.6745187699868938,0.12213642949942795,0.19611613513818404,0.44916004609335936,1.0,0.16550289412806268
308,374,601,5888,0.2,0.8324609747749405,0.9509199235630007,0.1434336594245563,0.0,0.6200537460805949,0.6745187699868938,0.1221247939258059,0.19611613513818404,0.44835778314522656,1.0,0.16598053012389116
309,377,574,5888,0.2,0.8343327898504267,0.9509199235630007,0.14063454660586158,0.0,0.621331220113294,0.6745187699868938,0.11894067434704525,0.19611613513818404,0.44679212499395626,1.0,0.16377167857075017
310,360,553,5888,0.2,0.8328568540680444,0.9509199235630007,0.1431394527682975,0.0,0.620026512751374,0.6745187699868938,0.12206863611588095,0.19611613513818404,0.44789603755322205,1.0,0.16559511200904897
311,371,521,5888,0.2,0.8325927810142195,0.9509199235630007,0.14334727218430537,0.0,0.6199195877195532,0.6751913355670796,0.12210521516411617,0.19611613513818404,0.4482198511371528,1.0,0.16562132799802837
312,371,551,5888,0.2,0.8316694068351286,0.9509199235630007,0.1435671543621461,0.0,0.6198025944457138,0.6751913355670796,0.12211925052510739,0.19611613513818404,0.44820442559284834,1.0,0.1671750868861819
313,379,573,5888,0.2,0.8323299546622724,0.9509199235630007,0.1434107470972623,0.0,0.6198001044083965,0.6751913355670796,0.12208638461123858,0.19611613513818404,0.4484994496714098,1.0,0.16584439723439925
314,368,568,5888,0.2,0.8306389502667536,0.9509199235630007,0.14719348013706116,0.0,0.6173460373657419,0.6751913355670796,0.1250117706724744,0.19611613513818404,0.4486029933515212,1.0,0.17064508889801738
315,360,504,5888,0.2,0.8296219356236211,0.9509199235630007,0.14769656878817716,0.0,0.6173057127194175,0.6751913355670796,0.12507276180908827,0.19611613513818404,0.4480706742530421,1.0,0.17254218188086665
316,381,557,5888,0.2,0.8305581541759693,0.9509199235630007,0.1473126965475892,0.0,0.6176229825048019,0.6751913355670796,0.12508590766725394,0.19611613513818404,0.44772611412318575,1.0,0.17163602253394045
317,365,540,5888,0.2,0.8328203363333679,0.9509199235630007,0.1471650543351408,0.0,0.6178405401743321,0.6751913355670796,0.12507631798249366,0.19611613513818404,0.4439894959698357,1.0,0.17165580958130922
318,377,555,5888,0.2,0.8364611000244871,0.9509199235630007,0.14156048692125364,0.0,0.6204550472191626,0.6751913355670796,0.11880860516757902,0.19611613513818404,0.43893532809226593,1.0,0.1689273708201114
319,369,550,5888,0.2,0.8351773282726105,0.9509199235630007,0.14431865460618085,0.0,0.619312888635949,0.6751913355670796,0.12203652423531086,0.19611613513818404,0.4402257400702066,1.0,0.1706580613738982
320,377,540,5888,0.2,0.8368853902276733,0.9509199235630007,0.1417091125540141,0.0,0.620632099869013,0.6751913355670796,0.11881579499369446,0.19611613513818404,0.4414033771537539,1.0,0.167229602968814
321,345,536,5888,0.2,0.8351822962688411,0.9509199235630007,0.1444357612743838,0.0,0.6191685670474942,0.6751913355670796,0.12191227395973038,0.19611613513818404,0.4428845389254819,1.0,0.16854996151794396
322,369,541,5888,0.2,0.8333099773341324,0.9509199235630007,0.14798580075227494,0.0,0.6173204637841312,0.6751913355670796,0.12491712664543093,0.19611613513818404,0.4424472626414555,1.0,0.17255927549201117
323,373,574,5888,0.2,0.8326166910859756,0.9509199235630007,0.14824513163298253,0.0,0.6172056804903288,0.6751913355670796,0.12495357188709308,0.19611613513818404,0.44163485637640354,1.0,0.17399126640635396
324,363,554,5888,0.2,0.8298123650556238,0.9509199235630007,0.15009808975275932,0.0,0.6163563093832404,0.6751913355670796,0.12811552370213758,0.19611613513818404,0.4482755555626,1.0,0.17323691208424774
325,369,540,5888,0.2,0.8343220684072805,0.9509199235630007,0.14508284732814739,0.0,0.6188990144490957,0.6751913355670796,0.12201356475925337,0.1889822365046136,0.4410494331119654,1.0,0.17179032810213035
326,379,544,5888,0.2,0.8350860232925262,0.9509199235630007,0.14449553671825857,0.0,0.6193799861289886,0.6751913355670796,0.12206270539630859,0.1889822365046136,0.4410758772815767,1.0,0.1708033799031406
327,365,558,5888,0.2,0.8350282444533347,0.9509199235630007,0.1445125064120404,0.0,0.619530434324264,0.6751913355670796,0.12209133820400082,0.1889822365046136,0.4408472218499426,1.0,0.1705214114718067
328,370,547,5888,0.2,0.8360513597488403,0.9509199235630007,0.14781848498260897,0.0,0.6179697094748616,0.6751913355670796,0.12519876272162545,0.1796053020267749,0.43769298161408293,1.0,0.17399214880153593
329,328,523,5888,0.2,0.8346824146792712,0.9509199235630007,0.14804553790071226,0.0,0.6179623539483025,0.6751913355670796,0.12525003243158322,0.1796053020267749,0.4384580572479569,1.0,0.1739985814492993
330,362,563,5888,0.2,0.8348371565187847,0.9509199235630007,0.14800792785934047,0.0,0.6180042907164559,0.6751913355670796,0.1252413271639663,0.1796053020267749,0.43826122059416833,1.0,0.17418207059504454
331,365,539,5888,0.2,0.83511297029147,0.9509199235630007,0.14810698077052376,0.0,0.618047341327771,0.6759513007465692,0.12525441866104026,0.1796053020267749,0.43728907484954305,1.0,0.1750802492279384
332,369,573,5888,0.2,0.836871227831857,0.9509199235630007,0.14485293713480352,0.0,0.6194492157588595,0.6759513007465692,0.12215322480041142,0.1767766952966369,0.4373408464458366,1.0,0.17194506768792536
333,343,534,5888,0.2,0.8369088774689505,0.9509199235630007,0.14515421208998283,0.0,0.6193401375355188,0.6751913355670796,0.12216108586866091,0.1767766952966369,0.4378864020020574,1.0,0.1720316266628408
334,379,552,5888,0.2,0.8320535910123663,0.9509199235630007,0.1501835713368422,0.0,0.6173659141779633,0.6751913355670796,0.12840293633703476,0.1767766952966369,0.44515313693094294,1.0,0.17368595655453098
335,366,575,5888,0.2,0.8324343282595742,0.9509199235630007,0.1474717575571238,0.0,0.6186581058944457,0.6751913355670796,0.12540217468902803,0.1767766952966369,0.4450048841006578,1.0,0.17196126928562638
336,381,592,5888,0.2,0.833516501482508,0.9509199235630007,0.14757960992842029,0.0,0.6185598313357948,0.6759513007465692,0.12536156892573633,0.1767766952966369,0.44232424441029833,1.0,0.1734161678876146
337,367,599,5888,0.2,0.832749095033706,0.9509199235630007,0.14739437843276934,0.0,0.618649969624024,0.6759513007465692,0.12537082214187856,0.1767766952966369,0.44358740328218005,1.0,0.1730371367677524
338,372,554,5888,0.2,0.8367622651633171,0.9509199235630007,0.14487100926294894,0.0,0.6195118289605955,0.6751913355670796,0.1221662797608492,0.1767766952966369,0.43740316598794005,1.0,0.1722470398721769
339,362,553,5888,0.2,0.8368901452054265,0.9509199235630007,0.145149612650626,0.0,0.6191022688727091,0.6751913355670796,0.1220176488624398,0.1767766952966369,0.4372178800016061,1.0,0.17229878594083972
340,382,570,5888,0.2,0.8364566698647232,0.9509199235630007,0.14554187254317696,0.0,0.6190714287239023,0.6751913355670796,0.12206992531111117,0.1767766952966369,0.43731614344234154,1.0,0.17297074696405734
341,345,520,5888,0.2,0.8368056983744591,0.9509199235630007,0.14507847093622012,0.0,0.6193930579323484,0.6751913355670796,0.12210577246652148,0.1767766952966369,0.4370145948244391,1.0,0.1724863256978226
342,383,579,5888,0.2,0.834831863006751,0.9509199235630007,0.14836693292600858,0.0,0.617658267515382,0.6751913355670796,0.12510758384241727,0.1767766952966369,0.4387092167387417,1.0,0.1756166189207889
343,358,562,5888,0.2,0.8352208943329672,0.9509199235630007,0.14580117411659527,0.0,0.6190944046266078,0.6751913355670796,0.12199008301791593,0.1767766952966369,0.4378383785550274,1.0,0.17401709750558877
344,383,576,5888,0.2,0.8317081912571301,0.9509199235630007,0.14663816631828536,0.0,0.6187915216758463,0.6751913355670796,0.12189612355610141,0.1767766952966369,0.4412265999293281,1.0,0.17448923161928967
345,370,537,5888,0.2,0.8324418148098943,0.9509199235630007,0.1468354620391839,0.0,0.6188613964771076,0.6751913355670796,0.12192483882861377,0.1767766952966369,0.4388147872897504,1.0,0.1758114208011784
346,357,558,5888,0.2,0.8313560175008782,0.9509199235630007,0.1470875999343375,0.0,0.6181053787532189,0.6751913355670796,0.12175829157618782,0.1767766952966369,0.43844064119050574,1.0,0.1768009144291096
347,359,535,5888,0.2,0.8315011011855018,0.9509199235630007,0.1470749272634187,0.0,0.6182901586375438,0.6751913355670796,0.12178487956570767,0.1767766952966369,0.4383419321481797,1.0,0.17621757237640404
348,381,599,5888,0.2,0.8299098130000819,0.9509199235630007,0.14731917392963628,0.0,0.6180245787601575,0.6751913355670796,0.12181161622358226,0.1767766952966369,0.4398111190096496,1.0,0.1767396420322373
349,393,583,5888,0.2,0.8317656455232172,0.9509199235630007,0.14720885229853284,0.0,0.6177796663748907,0.6751913355670796,0.12173625448881616,0.1767766952966369,0.440009287543267,1.0,0.1758040866964085
350,377,579,5888,0.2,0.8300214478440208,0.9509199235630007,0.15074431063639737,0.0,0.616893646266818,0.6751913355670796,0.124962651610465,0.1767766952966369,0.4399407164698665,1.0,0.17857887363458816
351,393,600,5888,0.2,0.8299766782437324,0.9509199235630007,0.14992692243547215,0.0,0.6165529848956689,0.6751913355670796,0.1248318125957453,0.1767766952966369,0.44142337020377037,1.0,0.17820372220023892
352,371,542,5888,0.2,0.8311315698412243,0.9509199235630007,0.14739464864826357,0.0,0.6178693130897938,0.6751913355670796,0.12179569468414864,0.1767766952966369,0.4407126250305976,1.0,0.17656876198685412
353,355,565,5888,0.2,0.8320036997999559,0.9521602006785734,0.15114694663817616,0.0,0.6159774494086597,0.6751913355670796,0.12482729754430998,0.1767766952966369,0.43745133174704653,1.0,0.18111460967724338
354,387,600,5888,0.2,0.8323011981413021,0.9521602006785734,0.15077409269357325,0.0,0.6160729535679429,0.6751913355670796,0.12481687899367247,0.1767766952966369,0.43727857406628595,1.0,0.18069179019567633
355,374,600,5888,0.2,0.8322391907613216,0.9521602006785734,0.1507464162864628,0.0,0.6158950799603188,0.6751913355670796,0.12475542107616125,0.1767766952966369,0.4382792238343093,1.0,0.18036607661327006
356,381,558,5888,0.2,0.831834031784308,0.9521602006785734,0.15114115830705704,0.0,0.6157926978218378,0.6751913355670796,0.12480072780733215,0.1767766952966369,0.43941549475045144,1.0,0.18039648111875853
357,361,558,5888,0.2,0.830227837397347,0.9521602006785734,0.15041749408607852,0.0,0.6166305874932446,0.6751913355670796,0.12490580342272961,0.1767766952966369,0.440814121474904,1.0,0.17923228542231692
358,375,544,5888,0.2,0.8316764293360663,0.9521602006785734,0.1474342352062008,0.0,0.6177780101889363,0.6751913355670796,0.12180819972914655,0.1767766952966369,0.4413722380131659,1.0,0.17599972295480262
359,355,558,5888,0.2,0.8303660223415491,0.9521602006785734,0.15137986955739355,0.0,0.6163692227730353,0.6751913355670796,0.12497255722431967,0.1767766952966369,0.4405587329609889,1.0,0.18039683879839605
360,366,573,5888,0.2,0.8298149395891112,0.9521602006785734,0.15180598439105558,0.0,0.6162751542817159,0.6751913355670796,0.12497697404804195,0.1767766952966369,0.440476477933675,1.0,0.18123724336623523
361,359,557,5888,0.2,0.8244625007312552,0.9521602006785734,0.1548178964906004,0.0,0.6150081613717612,0.6751913355670796,0.12503984292478548,0.1767766952966369,0.44586093278824496,1.0,0.18468978681489095
362,369,551,5888,0.2,0.8236461070617273,0.9521602006785734,0.1597987120980441,0.0,0.6121022338569746,0.6751913355670796,0.12785201302340257,0.1767766952966369,0.4468415489772442,1.0,0.19005240817477867
363,370,589,5888,0.2,0.8243939216705148,0.9521602006785734,0.15708598372091664,0.0,0.6134958058368759,0.6751913355670796,0.12488576994966089,0.1767766952966369,0.44744411670625006,1.0,0.18713637386261547
364,366,529,5888,0.2,0.8277950327991036,0.9521602006785734,0.1581748062095184,0.0,0.6127473647633949,0.6751913355670796,0.12797723631296293,0.1767766952966369,0.4453523628836188,1.0,0.18762975838280913
365,361,555,5888,0.2,0.8281095706231506,0.9521602006785734,0.15570977484124543,0.0,0.6141013045128748,0.6751913355670796,0.12509024627410406,0.1767766952966369,0.4452210197920489,1.0,0.18557152829416174
366,378,598,5888,0.2,0.8288356933793589,0.9521602006785734,0.15536146289869207,0.0,0.6143508748667283,0.6751913355670796,0.12511263752835045,0.1767766952966369,0.44348248079004793,1.0,0.18549993098774614
367,363,575,5888,0.2,0.8283560230151236,0.9521602006785734,0.15245002102149394,0.0,0.6162757026400224,0.6751913355670796,0.1222267599100142,0.1767766952966369,0.44336511977042214,1.0,0.18273214367062676
368,364,576,5888,0.2,0.8232264733320844,0.9527793957250129,0.1537634926186732,0.0,0.6148152474165209,0.6751913355670796,0.12531242942341445,0.1796053020267749,0.4553815694870014,1.0,0.17720423632326626
369,345,532,5888,0.2,0.8245397025005299,0.9527793957250129,0.15372875987411944,0.0,0.6147705440783773,0.6751913355670796,0.1253118346449319,0.1796053020267749,0.4533899422545951,1.0,0.1771820081979568
370,357,544,5888,0.2,0.8268811239303936,0.9527793957250129,0.15332874453709677,0.0,0.6141527445710867,0.6751913355670796,0.12518607683704724,0.1796053020267749,0.4491993908028501,1.0,0.17631623843184943
371,392,600,5888,0.2,0.8297162986466933,0.9527793957250129,0.15139088095999187,0.0,0.615868993612044,0.6751913355670796,0.12218984306123934,0.1796053020267749,0.443216482133878,1.0,0.17809275066212307
372,350,540,5888,0.2,0.8311529087465526,0.9527793957250129,0.15175035116603477,0.0,0.6159853539566482,0.6751913355670796,0.12222033802043301,0.1796053020267749,0.4405387285408817,1.0,0.17949890839078003
373,358,563,5888,0.2,0.8314516376965017,0.9527793957250129,0.14906267815913787,0.0,0.6172290806683716,0.6751913355670796,0.11904857873224613,0.1796053020267749,0.4419481883961046,1.0,0.17727896416179476
374,360,518,5888,0.2,0.8305855053822173,0.9527793957250129,0.15178028079125638,0.0,0.6161273743676967,0.6751913355670796,0.12221944623726796,0.1796053020267749,0.44255833580068404,1.0,0.17905507404639956
375,360,529,5888,0.2,0.836030418834856,0.9527793957250129,0.14630153718314026,0.0,0.6196948502233904,0.6759513007465692,0.12221802830003732,0.1796053020267749,0.4373555298964198,1.0,0.17438206827663774
376,365,563,5888,0.2,0.833482185022704,0.9527793957250129,0.14681725173335602,0.0,0.6193497535269277,0.6759513007465692,0.12209999972647677,0.1796053020267749,0.439772852615864,1.0,0.17437196912288708
377,377,555,5888,0.2,0.8337214100247919,0.9527793957250129,0.146751285739383,0.0,0.6189928372082651,0.6759513007465692,0.1220914339424389,0.1796053020267749,0.43947269137106093,1.0,0.17357807189312985
378,377,561,5888,0.2,0.8341757399050925,0.9527793957250129,0.14633058286844597,0.0,0.6184280981352547,0.6759513007465692,0.12196968711743647,0.1796053020267749,0.43948303126685007,1.0,0.17211067185818496
379,364,551,5888,0.2,0.8339982383805022,0.9527793957250129,0.1436155850001544,0.0,0.6188988839229621,0.6759513007465692,0.11867765934986986,0.1796053020267749,0.44162738642169175,1.0,0.1709975550075155
380,356,541,5888,0.2,0.8281374773329052,0.9527793957250129,0.14527798897239674,0.0,0.6195154221783493,0.6751913355670796,0.11895881301460795,0.1796053020267749,0.4495079091186684,1.0,0.17255254629550212
381,375,561,5888,0.2,0.8222461839263434,0.9527793957250129,0.1482902353798502,0.0,0.6184301212067517,0.6751913355670796,0.11909292652269275,0.1796053020267749,0.45652526906488444,1.0,0.1746400146493683
382,387,609,5888,0.2,0.8242046399589795,0.9527793957250129,0.14493737479390323,0.0,0.620242209054994,0.6751913355670796,0.11589735196226068,0.1796053020267749,0.4543791856095021,1.0,0.1714721513290807
383,377,563,5888,0.2,0.8247253975617389,0.9527793957250129,0.1446783722541247,0.0,0.6200490840668363,0.6751913355670796,0.11582593285984095,0.1796053020267749,0.45310040521706063,1.0,0.1721510674229959
384,365,551,5888,0.2,0.8216398604037499,0.9527793957250129,0.1514481180678086,0.0,0.616011961567847,0.6751913355670796,0.12201313934941448,0.1796053020267749,0.45595259130835086,1.0,0.1785013402511818
385,365,562,5888,0.2,0.8230541539356702,0.9527793957250129,0.14893680776357243,0.0,0.6173504663012084,0.6751913355670796,0.11887345114316315,0.1796053020267749,0.4533000594182932,1.0,0.1779557792749348
386,349,548,5888,0.2,0.8231687576138291,0.9527793957250129,0.15372734810120922,0.0,0.613795855066915,0.6751913355670796,0.1248996338943115,0.1796053020267749,0.45549994989981624,1.0,0.18155747621729307
387,356,564,5888,0.2,0.8244576731715553,0.9527793957250129,0.1555052173224225,0.0,0.6158739315329027,0.6751913355670796,0.12554082861301194,0.1796053020267749,0.44775891635921267,1.0,0.18431285466810401
388,379,556,5888,0.2,0.8257404425079377,0.9527793957250129,0.15506976025961305,0.0,0.6167819215817693,0.6751913355670796,0.12570547019411646,0.1796053020267749,0.44674577419298006,1.0,0.1829296278162206
389,370,544,5888,0.2,0.8261271526857178,0.9527793957250129,0.15234381072079586,0.0,0.6181871293885963,0.6751913355670796,0.12271417203431999,0.17407765595569785,0.4461099111547267,1.0,0.18127387033169212
390,375,569,5888,0.2,0.8263347227580571,0.9527793957250129,0.15595349940323336,0.0,0.6157344762676826,0.6751913355670796,0.125520415043152,0.17407765595569785,0.4461476772206025,1.0,0.18520307933997926
391,376,567,5888,0.2,0.82674405337045,0.9527793957250129,0.15538325283684457,0.0,0.6163439557512354,0.6751913355670796,0.12563306092112703,0.17407765595569785,0.4461754885377621,1.0,0.18352868243132897
392,377,570,5888,0.2,0.8330633782630132,0.9527793957250129,0.15087549450541354,0.0,0.6189002946145903,0.6751913355670796,0.12575740420845144,0.17407765595569785,0.43879057588910747,1.0,0.178852061544892
393,348,524,5888,0.2,0.8207445674077842,0.9571272218119695,0.15182866309469623,0.0,0.6190303767267251,0.6751913355670796,0.12290383339836089,0.17407765595569785,0.45280823375513285,1.0,0.1796872672071724
394,375,539,5888,0.2,0.8240116629761259,0.9571272218119695,0.14887716616172744,0.0,0.6202290767228742,0.6751913355670796,0.11963191571795467,0.17407765595569785,0.4479387597050553,1.0,0.17809059663393836
395,391,579,5888,0.2,0.8240817482108118,0.9571272218119695,0.14868466492031887,0.0,0.6196499695129061,0.6751913355670796,0.119414959567816,0.17407765595569785,0.4523350007497179,1.0,0.17603721045923257
396,355,563,5888,0.2,0.8238298446646154,0.9571272218119695,0.14896105879695443,0.0,0.6197361208821546,0.6751913355670796,0.11947815039889036,0.17407765595569785,0.45061848431010043,1.0,0.17714908805273308
397,373,566,5888,0.2,0.8232213508362095,0.9571272218119695,0.14843034605630945,0.0,0.6202645472780502,0.6751913355670796,0.11955500076353706,0.17407765595569785,0.45062985209738593,1.0,0.1766336302989806
398,384,574,5888,0.2,0.825125766758948,0.9571272218119695,0.14826913555503793,0.0,0.6197964714637947,0.6751913355670796,0.11942442057289245,0.17407765595569785,0.4495388978611641,1.0,0.17578329537310028
399,385,601,5888,0.2,0.8281763261178213,0.9571272218119695,0.14259821707581063,0.0,0.6222310679223447,0.6751913355670796,0.11280245542582047,0.1690308509457033,0.44866076638370184,1.0,0.17014463232822882
400,358,547,5888,0.2,0.8248073217002778,0.9571272218119695,0.1452186468531316,0.0,0.6206673166764973,0.6751913355670796,0.1161993246052624,0.1690308509457033,0.45274825612355646,1.0,0.1714121884133096
401,363,565,5888,0.2,0.8247297611019627,0.9571272218119695,0.14805627220608325,0.0,0.6192079600067232,0.6751913355670796,0.11937927258124424,0.1690308509457033,0.45044699093574564,1.0,0.17493596772718972
402,363,573,5888,0.2,0.82595525851272,0.9571272218119695,0.14584529282321684,0.0,0.620476331584965,0.6751913355670796,0.11615841796001507,0.1690308509457033,0.44828402098043524,1.0,0.17409687488026454
403,368,599,5888,0.2,0.827611319986807,0.9571272218119695,0.14507903038456008,0.0,0.6209023427416052,0.6751913355670796,0.11615580403200407,0.1690308509457033,0.44559070561160546,1.0,0.17335033313350137
404,366,571,5888,0.2,0.827910389885945,0.9571272218119695,0.14523605947776422,0.0,0.6211324573571247,0.6751913355670796,0.11617637481853973,0.1690308509457033,0.44567729542764006,1.0,0.17318103184645262
405,347,546,5888,0.2,0.8267812130855249,0.9571272218119695,0.14544023343110699,0.0,0.6217961201191322,0.6751913355670796,0.116293044927846,0.1690308509457033,0.44796076349217157,1.0,0.17355578841389324
406,366,576,5888,0.2,0.8271920567884543,0.9571272218119695,0.1455099224601065,0.0,0.6211682541569649,0.6751913355670796,0.11625857016279773,0.1690308509457033,0.44691185522218896,1.0,0.17381484480992826
407,382,555,5888,0.2,0.8292178262217408,0.9571272218119695,0.14252093789626818,0.0,0.6223244532044284,0.6751913355670796,0.1127789087989036,0.1690308509457033,0.44661701608611826,1.0,0.17086602966737177
408,377,571,5888,0.2,0.8258915845285997,0.9571272218119695,0.14528249141282942,0.0,0.6222243560523141,0.6751913355670796,0.11636360732758072,0.1690308509457033,0.4495830090398934,1.0,0.17367862068136203
409,375,576,5888,0.2,0.8261846722847238,0.9571272218119695,0.14538246465682952,0.0,0.6219980486589851,0.6751913355670796,0.11632562713538142,0.1690308509457033,0.4489441110187032,1.0,0.17366104615875433
410,367,552,5888,0.2,0.8271644716171811,0.9571272218119695,0.14548626180776603,0.0,0.6213179659701353,0.6751913355670796,0.11623056711391822,0.1690308509457033,0.44798039813459084,1.0,0.17267417052316242
411,371,572,5888,0.2,0.8258451827829507,0.9577464168584091,0.14547699896019406,0.0,0.6220883295951796,0.6751913355670796,0.11630636106314912,0.1690308509457033,0.44907927188239005,1.0,0.1746078152934352
412,351,547,5888,0.2,0.825875579593115,0.9577464168584091,0.14539751406652077,0.0,0.6220670993337551,0.6751913355670796,0.1163139009873883,0.1690308509457033,0.44854442315642257,1.0,0.17515584000070278
413,381,586,5888,0.2,0.8260076668974621,0.9577464168584091,0.14557238116417665,0.0,0.6218685987193148,0.6751913355670796,0.11625831187000707,0.1690308509457033,0.4483821086953259,1.0,0.1752794239262358
414,384,594,5888,0.2,0.8260467212617711,0.9577464168584091,0.1459061227793721,0.0,0.6214920082191518,0.6751913355670796,0.11619958985233551,0.17149858514250885,0.4467397606277039,1.0,0.1774492156699512
415,359,544,5888,0.2,0.8259968298883434,0.9577464168584091,0.1461097951260674,0.0,0.6211981314495276,0.6751913355670796,0.11615484776192614,0.17149858514250885,0.44780408396651944,1.0,0.17655638778331278
416,367,564,5888,0.2,0.8254500628507501,0.9577464168584091,0.14600782461585513,0.0,0.6215708980197724,0.6751913355670796,0.11627110881152623,0.17149858514250885,0.4467422927915854,1.0,0.17725241097223368
417,366,585,5888,0.2,0.824333014430724,0.9577464168584091,0.1458649122777687,0.0,0.6217830562223028,0.6751913355670796,0.11633117262987065,0.17149858514250885,0.450951359243566,1.0,0.17468419929847356
418,361,586,5888,0.2,0.8255644165024657,0.9577464168584091,0.14613506963254563,0.0,0.6215328445415864,0.6751913355670796,0.11627159606171686,0.17149858514250885,0.44885375521911597,1.0,0.17456415826555743
419,362,551,5888,0.2,0.8267069522086652,0.9577464168584091,0.1456863718379768,0.0,0.6209080673532394,0.6751913355670796,0.11618966202196777,0.17149858514250885,0.44682377930554235,1.0,0.17439397890490882
420,356,558,5888,0.2,0.8284126849691961,0.9577464168584091,0.14561836503958125,0.0,0.6207593642892281,0.6751913355670796,0.11605105709688941,0.17149858514250885,0.4455583953956144,1.0,0.17336240093378497
421,359,569,5888,0.2,0.828675116298108,0.9577464168584091,0.14560665390883368,0.0,0.620766809929786,0.6751913355670796,0.11604877920304793,0.17149858514250885,0.44499078713428103,1.0,0.17314055277196697
422,352,519,5888,0.2,0.8306043016294093,0.9577464168584091,0.14309432959656257,0.0,0.6220259912530168,0.6751913355670796,0.11265509257311768,0.17149858514250885,0.4427583172253935,1.0,0.17231274700448143
423,393,592,5888,0.2,0.8301738629109795,0.9577464168584091,0.1433716860590193,0.0,0.622117004556974,0.6751913355670796,0.11273020991133363,0.17149858514250885,0.4428924008047852,1.0,0.17253131561474327
424,383,605,5888,0.2,0.830052608371223,0.9577464168584091,0.14355997286752487,0.0,0.6219981125694989,0.6751913355670796,0.11270511439343887,0.17149858514250885,0.44331966992037786,1.0,0.17290106180814038
425,374,597,5888,0.2,0.8288903042376095,0.9577464168584091,0.14576394939131157,0.0,0.6206767129374005,0.6751913355670796,0.11602239314786267,0.17149858514250885,0.44464221821901184,1.0,0.17372564657728826
426,371,572,5888,0.2,0.8309664182368512,0.9577464168584091,0.14262881328015686,0.0,0.6224106259725367,0.6751913355670796,0.11269896520456985,0.17149858514250885,0.4423108846571838,1.0,0.17157099432599354
427,355,562,5888,0.2,0.8264306536292394,0.9577464168584091,0.14204638756229945,0.0,0.6233503354986617,0.6751913355670796,0.11287255320529528,0.17149858514250885,0.45053841823580604,1.0,0.1693416720673785
428,350,532,5888,0.2,0.8293353548102131,0.9577464168584091,0.1417433901571776,0.0,0.623265134575239,0.6751913355670796,0.11279114981339548,0.17149858514250885,0.4458524671007904,1.0,0.17004730135551346
429,358,570,5888,0.2,0.8295627342493113,0.9577464168584091,0.1418210575121411,0.0,0.6226831062660131,0.6751913355670796,0.11273902842099649,0.17149858514250885,0.4449456791298091,1.0,0.1703066135067125
430,350,561,5888,0.2,0.8297419341563053,0.9577464168584091,0.14190148523829285,0.0,0.6227050316494612,0.6751913355670796,0.11274956744275158,0.17149858514250885,0.44458638721715493,1.0,0.17036890181825312
431,351,543,5888,0.2,0.8298834838358812,0.9577464168584091,0.1423629436160745,0.0,0.6227709982142032,0.6751913355670796,0.1128043262137678,0.17149858514250885,0.44346094191969093,1.0,0.17109936645688617
432,369,583,5888,0.2,0.8300623678107419,0.9577464168584091,0.14199000114156118,0.0,0.6227922697891811,0.6751913355670796,0.11275622188984644,0.17149858514250885,0.44349709515778,1.0,0.17096979313493282
433,385,593,5888,0.2,0.8257681308886791,0.9577464168584091,0.1449082346740545,0.0,0.6221423490878836,0.6751913355670796,0.11625955308796382,0.17149858514250885,0.4496910709962708,1.0,0.1723271000356022
434,378,585,5888,0.2,0.827226783823221,0.9577464168584091,0.1442279954726374,0.0,0.6224979617503257,0.6751913355670796,0.1162461548612867,0.1690308509457033,0.44747170022041904,1.0,0.17224758592246936
435,372,557,5888,0.2,0.8244489045319658,0.9577464168584091,0.14466898136647877,0.0,0.6226110104850072,0.6751913355670796,0.11638588352302821,0.1690308509457033,0.4518577244540733,1.0,0.17288575204762593
436,355,556,5888,0.2,0.8242283299901284,0.9577464168584091,0.14454557323554165,0.0,0.6225415826586365,0.6751913355670796,0.11636676368867566,0.1690308509457033,0.4525567716846499,1.0,0.172603199674978
437,375,536,5888,0.2,0.8239087848840213,0.9577464168584091,0.1443265829941844,0.0,0.6227065557475123,0.6751913355670796,0.11642173684592366,0.1690308509457033,0.4525228049491959,1.0,0.1721117558532961
438,362,572,5888,0.2,0.824062154427321,0.9577464168584091,0.1443655755778092,0.0,0.6226897131108353,0.6751913355670796,0.11641971892780766,0.1690308509457033,0.452484787976519,1.0,0.17210113737861205
439,380,602,5888,0.2,0.8245063453911439,0.9577464168584091,0.14463875688920158,0.0,0.6219702286859042,0.6751913355670796,0.1162304877073365,0.1690308509457033,0.45531009497845243,1.0,0.1700592502194534
440,367,567,5888,0.2,0.8264344586142133,0.9577464168584091,0.1455209306532909,0.0,0.6218352674872638,0.6751913355670796,0.11620116050462047,0.1690308509457033,0.4526105473615413,1.0,0.1710266610192537
441,364,544,5888,0.2,0.8252329555858474,0.9577464168584091,0.14932015307142513,0.0,0.6192872574935492,0.6751913355670796,0.11918238276903421,0.1690308509457033,0.4535703216149666,1.0,0.1756312381989258
442,358,541,5888,0.2,0.8261648178773394,0.9577464168584091,0.14654229803274765,0.0,0.6208721159847849,0.6751913355670796,0.11598051608993713,0.1690308509457033,0.4528211550278056,1.0,0.17342117283384995
443,392,607,5888,0.2,0.8261588108238925,0.9577464168584091,0.1466463257944547,0.0,0.6209616553192243,0.6751913355670796,0.11598812610129426,0.1690308509457033,0.4538212212121714,1.0,0.17201927774081954
444,373,559,5888,0.2,0.8263057175107005,0.9577464168584091,0.14642261556604724,0.0,0.6211753830295274,0.6751913355670796,0.11602850023526012,0.1690308509457033,0.4547719433233827,1.0,0.1711767709713425
445,355,539,5888,0.2,0.8264252513033398,0.9577464168584091,0.14646289634540685,0.0,0.6209276232038012,0.6751913355670796,0.11599334325849983,0.1690308509457033,0.4551657802595519,1.0,0.17087053392447257
446,370,557,5888,0.2,0.8260095899171586,0.9577464168584091,0.1464443493365783,0.0,0.621254033725149,0.6751913355670796,0.11605077370845052,0.1690308509457033,0.45523485584959106,1.0,0.1714363747403123
447,379,578,5888,0.2,0.825741285948461,0.9577464168584091,0.15018168918092886,0.0,0.6193121745453872,0.6751913355670796,0.11921835113888672,0.1690308509457033,0.45465862825936015,1.0,0.1752419249964423
448,375,556,5888,0.2,0.8225707851176958,0.9577464168584091,0.1501238701887555,0.0,0.6194186627913518,0.6751913355670796,0.11935148405598403,0.1690308509457033,0.457865338967505,1.0,0.1759394706573395
449,386,571,5888,0.2,0.8239502645229279,0.9577464168584091,0.14656563783800275,0.0,0.6216222233408134,0.6751913355670796,0.11621537211838052,0.1690308509457033,0.45650105224747395,1.0,0.1724082516878445
450,359,537,5888,0.2,0.8180699704716328,0.9577464168584091,0.15179290399219916,0.0,0.6209579876964281,0.6751913355670796,0.11639524381898887,0.1690308509457033,0.461026138148627,1.0,0.17298767118099917
451,363,532,5888,0.2,0.8158237364624178,0.9577464168584091,0.15250840909890287,0.0,0.6215111291050445,0.6751913355670796,0.11304666005382699,0.1690308509457033,0.46293966138196063,1.0,0.17230777436885722
452,389,588,5888,0.2,0.8141977168106806,0.9577464168584091,0.15556752606351884,0.0,0.6200308975805476,0.6751913355670796,0.11642659312854552,0.16666666666666666,0.4645209581633202,1.0,0.17447523291659378
453,383,550,5888,0.2,0.8167575939752227,0.9577464168584091,0.1526839327128626,0.0,0.6216814411514643,0.6751913355670796,0.11306282406509512,0.16666666666666666,0.4614113522629868,1.0,0.1728472971765275
454,369,573,5888,0.2,0.8155313557556555,0.9577464168584091,0.15236958020882765,0.0,0.6214350368870812,0.6751913355670796,0.11309488537619009,0.16666666666666666,0.4631488325467843,1.0,0.17299980744421947
455,382,624,5888,0.2,0.8134558450404401,0.9577464168584091,0.15585994592678207,0.0,0.6196861539499251,0.6751913355670796,0.11640685617740001,0.16666666666666666,0.46429923834201287,1.0,0.17623895395133482
456,380,560,5888,0.2,0.8140137287208354,0.9577464168584091,0.15594058553879567,0.0,0.6198780387662765,0.6751913355670796,0.11645776066632255,0.1690308509457033,0.46286720064308645,1.0,0.17678496683452757
457,364,553,5888,0.2,0.8120067627046685,0.9577464168584091,0.1569624129603546,0.0,0.6194983607886823,0.6751913355670796,0.1165148100268507,0.1690308509457033,0.4635848999358602,1.0,0.17873986650026988
458,358,579,5888,0.2,0.8109833373557853,0.9577464168584091,0.1586613764180858,0.0,0.6182912091479246,0.6751913355670796,0.11973323822516263,0.1690308509457033,0.4649339738704788,1.0,0.17991987258434128
459,347,519,5888,0.2,0.8091713473020105,0.9577464168584091,0.15941267677656273,0.0,0.6180882809494332,0.6751913355670796,0.11982359110064693,0.1690308509457033,0.4656017637114991,1.0,0.18172043682827999
460,368,579,5888,0.2,0.8106208457904868,0.9577464168584091,0.15937140500680697,0.0,0.6185835171791008,0.6751913355670796,0.11987319504959265,0.1690308509457033,0.4640757610077827,1.0,0.18124018907065126
461,361,571,5888,0.2,0.8115736038071062,0.9577464168584091,0.15723099916159017,0.0,0.619718537256928,0.6751913355670796,0.11664799336567426,0.1690308509457033,0.46449291682268745,1.0,0.17889966973226523
462,371,550,5888,0.2,0.8101976147458869,0.9577464168584091,0.15948938155999506,0.0,0.618341370924482,0.6751913355670796,0.11985439267887617,0.1690308509457033,0.4662852356615017,1.0,0.1800104461684921
463,375,574,5888,0.2,0.8110685817711617,0.9577464168584091,0.15912900914409356,0.0,0.6185152979064016,0.6751913355670796,0.11979988111599493,0.1690308509457033,0.46405597886821504,1.0,0.18067599977150037
464,351,517,5888,0.2,0.8111493590749365,0.9577464168584091,0.15898002764910515,0.0,0.6183088076875948,0.6751913355670796,0.11980821865301393,0.1690308509457033,0.4638240912187935,1.0,0.18053032343361497
465,374,583,5888,0.2,0.8149178289084319,0.9577464168584091,0.16169973134463386,0.0,0.6199098323789674,0.6751913355670796,0.1202168590528258,0.1690308509457033,0.45413208798867033,1.0,0.1822607261287419
466,389,578,5888,0.2,0.8168254320438145,0.9577464168584091,0.16137108319323312,0.0,0.6187069429698722,0.6751913355670796,0.11998262151709979,0.1690308509457033,0.4534532087854812,1.0,0.18076972800958116
467,347,567,5888,0.2,0.8183172967600142,0.9577464168584091,0.16137948442430838,0.0,0.6190075925151995,0.6751913355670796,0.1200108870242858,0.1690308509457033,0.45124812376204637,1.0,0.18128242500148692
468,372,544,5888,0.2,0.8168849578425641,0.9577464168584091,0.1610220175849889,0.0,0.6186897621581982,0.6751913355670796,0.11993355114716443,0.1690308509457033,0.45452652903980856,1.0,0.18039739711706096
469,383,570,5888,0.2,0.8161963912421979,0.9577464168584091,0.160705054841194,0.0,0.6183790843771574,0.6751913355670796,0.11985555928788633,0.1690308509457033,0.45682522049531177,1.0,0.17996442230586895
470,370,556,5888,0.2,0.8264055157943132,0.9577464168584091,0.15115849209467028,0.0,0.6199497184182653,0.6751913355670796,0.11970210697072373,0.1690308509457033,0.44999320889074307,1.0,0.17648476716978478
471,378,592,5888,0.2,0.8269195136425094,0.9577464168584091,0.15077447718349626,0.0,0.6201612735697322,0.6751913355670796,0.11971945967812714,0.1690308509457033,0.44914108240385725,1.0,0.17629890287834069
472,358,530,5888,0.2,0.8287829016033996,0.9577464168584091,0.15023107932396812,0.0,0.6203530622484833,0.6751913355670796,0.11965638765186468,0.1690308509457033,0.44599097667140775,1.0,0.17615804102365168
473,359,551,5888,0.2,0.8205380441635324,0.9577464168584091,0.15549359604166407,0.0,0.6196797738117181,0.6751913355670796,0.12309273555036064,0.1690308509457033,0.45457684979574625,1.0,0.17991918587539396
474,369,539,5888,0.2,0.8131044673234379,0.9577464168584091,0.16060855347396166,0.0,0.619012475103691,0.6751913355670796,0.11995819502142503,0.1690308509457033,0.46032565605483866,1.0,0.18118889678996955
475,371,593,5888,0.2,0.8154006295675492,0.9577464168584091,0.15984382234459588,0.0,0.6192335053037393,0.6751913355670796,0.11987424156294302,0.1690308509457033,0.45849510671891164,1.0,0.18005298057010555
476,362,549,5888,0.2,0.8151967864698095,0.9577464168584091,0.15980088544238638,0.0,0.6194394282896933,0.6751913355670796,0.119891821175378,0.1690308509457033,0.45802249236408205,1.0,0.18055473804668234
477,375,539,5888,0.2,0.816223146978633,0.9577464168584091,0.16065246987347997,0.0,0.6189560422231608,0.6751913355670796,0.11987865913131344,0.1690308509457033,0.4555156273401527,1.0,0.1828293460449575
478,363,562,5888,0.2,0.8122105865353809,0.9577464168584091,0.15786030192209816,0.0,0.6207388221776519,0.6751913355670796,0.11654496506802088,0.1690308509457033,0.45982455548534007,1.0,0.17888718263742495
479,373,597,5888,0.2,0.8121442426606598,0.9577464168584091,0.15782526920193865,0.0,0.6208502103763521,0.6751913355670796,0.11657454399841886,0.1690308509457033,0.4603750247118862,1.0,0.17839347014653814
480,367,553,5888,0.2,0.807966780877862,0.9577464168584091,0.16047214835950668,0.0,0.6194311142050908,0.6751913355670796,0.11992316070652866,0.1690308509457033,0.4627186702991753,1.0,0.18195055034578422
481,362,546,5888,0.2,0.8086390911982551,0.9577464168584091,0.16086901461012992,0.0,0.6192642395822854,0.6751913355670796,0.11990052862924704,0.1690308509457033,0.4625697743864611,1.0,0.18174068731170828
482,366,575,5888,0.2,0.811486357454718,0.9577464168584091,0.1580878549909106,0.0,0.6206352053969418,0.6751913355670796,0.11657535864514436,0.1690308509457033,0.46019857890241606,1.0,0.17899959895146478
483,351,580,5888,0.2,0.8113802615720752,0.9577464168584091,0.15801396925471037,0.0,0.6206735466524362,0.6751913355670796,0.11658776936182237,0.1690308509457033,0.4600484538241517,1.0,0.1785694635586964
484,359,562,5888,0.2,0.8122698946077942,0.9577464168584091,0.1579024757805822,0.0,0.620751617740323,0.6751913355670796,0.11655026762616041,0.1690308509457033,0.45867206249738535,1.0,0.17900709876425847
485,365,580,5888,0.2,0.8118923173803828,0.9577464168584091,0.1577247714371102,0.0,0.6207579247057265,0.6751913355670796,0.11655765877436178,0.1690308509457033,0.45953150378877017,1.0,0.1786465015313958
486,371,591,5888,0.2,0.8120280012435778,0.9577464168584091,0.15777282475823093,0.0,0.6207482396485836,0.6751913355670796,0.11655187217274927,0.1690308509457033,0.4586043637280411,1.0,0.1797930847199478
487,380,546,5888,0.2,0.8116853804652159,0.9577464168584091,0.15760024771063866,0.0,0.6208322517447245,0.6751913355670796,0.1165807992129476,0.1690308509457033,0.4583635360017452,1.0,0.17995774411368334
488,362,537,5888,0.2,0.8125558453415619,0.9577464168584091,0.15602492664251053,0.0,0.6205393741238368,0.6751913355670796,0.11638538578491879,0.1690308509457033,0.46067065657485023,1.0,0.17771511674872506
489,375,567,5888,0.2,0.8117359018732077,0.9577464168584091,0.15749259858741535,0.0,0.6195917648232566,0.6751913355670796,0.11627146243524786,0.1690308509457033,0.46263154308904264,1.0,0.1792056558387715
490,384,592,5888,0.2,0.8150622759182088,0.9577464168584091,0.1546602353759089,0.0,0.6216762502962702,0.6751913355670796,0.11301698349245982,0.1690308509457033,0.4590917082151768,1.0,0.1765262299408513
491,380,609,5888,0.2,0.815805362601661,0.9577464168584091,0.1540235897244066,0.0,0.6222162052972255,0.6751913355670796,0.11314890301833302,0.1690308509457033,0.4588548647410352,1.0,0.17593156012989472
492,373,577,5888,0.2,0.8118591663241231,0.9577464168584091,0.1569546443708696,0.0,0.620688336946113,0.6751913355670796,0.11653710327383833,0.1690308509457033,0.4616559444397611,1.0,0.17949857354846271
493,357,548,5888,0.2,0.8122990495827896,0.9577464168584091,0.15661009928052128,0.0,0.6209987775690018,0.6751913355670796,0.11660067116846218,0.1690308509457033,0.45982310168035634,1.0,0.18023350888121697
494,353,565,5888,0.2,0.8134313614984241,0.9577464168584091,0.15622404333626805,0.0,0.6208781702642773,0.6751913355670796,0.11651288053149428,0.1690308509457033,0.46072465998722534,1.0,0.17839705834267439
495,377,595,5888,0.2,0.8125903122188,0.9577464168584091,0.1574022551767543,0.0,0.6205838805763082,0.6751913355670796,0.11654730667085471,0.1690308509457033,0.46028898849964117,1.0,0.17991304935191912
496,369,614,5888,0.2,0.8149589959679618,0.9577464168584091,0.15403831291150663,0.0,0.6222165109096758,0.6751913355670796,0.11317331491729685,0.1690308509457033,0.4586049944543078,1.0,0.1776205677889748
497,355,582,5888,0.2,0.8137559297033413,0.9577464168584091,0.15584149668322983,0.0,0.6207062687601074,0.6751913355670796,0.1164229989940197,0.1690308509457033,0.46211267133590633,1.0,0.17720546064347278
498,366,596,5888,0.2,0.8135676622653659,0.9577464168584091,0.1576902679626977,0.0,0.6199074200564009,0.6751913355670796,0.11626304644648902,0.1690308509457033,0.4619656808715772,1.0,0.17918647364555995
499,365,546,5888,0.2,0.8149508553373264,0.9577464168584091,0.15691049980298044,0.0,0.6199100129698948,0.6751913355670796,0.11622387685030272,0.1690308509457033,0.4621499218244745,1.0,0.17757736309062233
